1227,1314,1319,1434,1440,1477,1504,1507,1536,1590,1605,1702,1710,1717,1722,1723,1789,1802,2006,2015,2049,2059,2101,2103,2106,2201,2204,2206,2231,2313,2324,2327,2344,2347,2352,2353,2356,2360,2362,2376,2377,2379,2385,2392,2393,2448,2449,2451,2498,2501,2542,2603,2606,2609,2610,2615,2618,2707,2723,2809,2812,2823,2834,2845,2847,2867,2888,2903,2915,3034,3037,3044,3189,3231,3673,3702,4958,5264,5522,5871,6005,6176,6239,6285,6409,8150,8454,9907,9910,9914,9917,9921,9933,9938,9945,1101,1102,1216,1301,1303,1326,1402,1476,2002,2105,2207,2227,2301,2303,2308,2311,2317,2325,2330,2354,2357,2382,2395,2408,2409,2412,2454,2474,2801,2880,2881,2882,2883,2884,2885,2886,2887,2890,2891,2892,2912,3008,3045,3481,4904,4938,5880,6505,9904
75.0,9.09,30.45,31.0,14.25,269.0,26.8,53.6,103.0,181.5,7.63,71.0,24.75,28.8,42.6,108.0,41.05,12.85,18.1,36.45,184.0,442.5,29.9,20.6,48.1,31.85,24.2,24.1,386.0,23.4,18.75,51.5,7.29,36.3,10.7,13.7,16.8,58.9,37.8,31.2,28.7,61.3,81.7,49.4,50.9,29.0,21.75,98.0,62.6,14.1,61.0,15.0,35.3,10.4,11.7,22.6,19.5,223.5,182.5,24.1,9.44,26.55,8.58,10.0,13.6,19.0,8.24,17.45,57.0,118.0,13.95,48.9,66.8,18.1,90.3,33.8,93.9,146.5,36.35,55.3,8.82,103.5,60.6,70.5,425.0,35.6,213.5,16.05,192.0,189.5,92.3,260.5,41.0,84.1,37.0,35.55,33.95,57.5,71.7,61.0,70.5,30.15,520.0,19.7,55.8,378.0,255.5,34.0,11.55,161.0,37.45,85.5,42.5,129.5,96.7,290.5,62.0,227.0,43.1,11.1,98.5,280.0,343.0,16.5,15.9,54.5,47.6,9.3,20.1,13.3,24.1,12.15,11.25,19.25,15.85,209.0,2910.0,101.5,11.4,70.9,87.5,14.15,77.0,49.3
74.85714285714286,9.087727272727273,30.45,31.0,14.25,270.0,26.95,53.6,103.5,181.27777777777774,7.63,71.0,24.75,28.8,42.6,108.0,40.95,12.85,18.1,36.45,184.27272727272728,440.5,29.9,20.6,48.1,31.85,24.214285714285715,24.1,386.0,23.399999999999995,18.75,51.3,7.290000000000001,36.4,10.7,13.6625,16.8,58.9,37.89206349206349,31.15,28.7,61.38429752066116,81.8,49.1,50.6,29.01086956521739,21.8,98.06666666666666,62.81346153846153,14.1,60.9,15.0,35.3,10.4,11.75,22.58333333333333,19.570238095238093,223.5,182.5,24.064285714285717,9.44,26.563675213675218,8.58,10.0,13.6,19.0,8.24,17.441666666666666,57.0,118.0,13.95,48.9,66.37971014492754,18.05,90.43333333333334,33.825,93.9,146.16666666666666,36.48571428571429,55.38,8.82,103.5,60.5,70.59285714285713,426.0,35.6,213.5,16.0,193.0,189.5,92.2,260.5,41.0,84.1,37.0,35.5,33.8875,57.5,71.7,61.0,70.325,30.15,519.6666666666666,19.704268292682926,55.79999999999999,378.0,255.5,33.85,11.55462962962963,161.05714285714285,37.4,85.41267605633803,42.52787234042554,129.95454545454547,96.5,290.3,62.0,227.0,42.95,11.084032258064516,98.428125,280.0,343.0,16.45,15.95,54.576,47.62083333333334,9.29031818181818,20.1,13.300000000000002,24.149999999999995,12.1768115942029,11.256666666666666,19.241216216216213,15.846153846153848,209.0,2902.5,101.5,11.44173913043478,70.8,87.44999999999997,14.14,77.0,49.321052631578944
74.86666666666667,9.09,30.4,31.0,14.25,270.0,26.75,53.6,103.44444444444444,181.5,7.63,71.1,24.75,28.8,42.6,108.0,40.85,12.85,18.1,36.45,183.30188679245282,442.5,29.87083333333333,20.6,48.1,31.85,24.0,24.1,386.0,23.38888888888889,18.71551724137931,51.5,7.26,36.35,10.7,13.65,16.8,58.9,37.959836065573775,31.15,28.713194444444447,61.1358064516129,81.7,49.33333333333334,50.6,29.005102040816325,21.81078431372549,98.05,62.886885245901645,14.1,60.92857142857142,15.0375,35.3,10.375,11.798076923076925,22.6,19.6,224.0,182.5,24.1,9.44,26.56241610738255,8.575,10.049122807017543,13.65,19.0,8.23,17.416666666666668,57.0,118.0,14.0,48.9,66.825,18.1,91.11578947368422,33.9,93.9,146.5,36.5,55.46875,8.82,103.5,60.6,70.61785714285712,425.0,35.5,213.5,15.9875,193.5,190.0,92.3,260.5,41.0,84.015,37.0,35.55,33.95,57.5,71.5,60.88333333333333,70.2,30.00909090909091,517.6666666666666,19.7,55.79999999999999,378.0,255.5,33.581,11.580555555555556,161.22222222222226,37.4,85.40566037735849,42.41734693877552,130.1125,96.5090909090909,289.25,62.0,226.33333333333331,43.1,11.087980769230768,98.5,280.0,342.67857142857144,16.5,15.95,54.63,47.630263157894724,9.29063829787234,20.123125,13.32180616740088,24.113157894736844,12.197222222222221,11.237254901960783,19.209722222222226,15.842857142857142,208.5,2908.75,101.5,11.405172413793107,70.8,87.34999999999998,14.15,77.0,49.3
74.66666666666667,9.084444444444443,30.45,31.0,14.25,269.6666666666667,26.95,53.5,103.375,181.5,7.63,71.0,24.75,28.8,42.6,108.0,40.833333333333336,12.95,18.1,36.45,183.0,440.5,29.9,20.65,48.1,31.85,24.15,24.0,386.0,23.35,18.72,51.3,7.26,36.36666666666667,10.647058823529411,13.6125,16.8,58.8,38.0,31.19,28.6,60.775373134328355,81.8,49.1625,50.76666666666666,28.95820895522388,21.8,98.06666666666666,62.86216216216215,14.1,60.828571428571436,15.0,35.3,10.4,11.81,22.575000000000006,19.6,224.0,182.5,24.064285714285717,9.449416666666666,26.561184210526317,8.5625,10.0,13.64090909090909,19.001923076923077,8.24,17.447826086956525,56.9,118.0,14.0,49.0,66.84444444444446,18.1,91.20588235294115,33.864285714285714,94.7,146.5,36.45,55.4767441860465,8.83,103.16666666666669,60.51428571428572,70.51666666666667,426.33333333333326,35.46666666666667,213.5,16.0,193.2,189.8181818181818,92.2,260.5,40.8,83.70714285714288,37.009375,35.5,33.8875,57.5,71.55,60.80666666666666,70.325,30.13888888888889,519.0,19.697569444444444,55.8,378.0,255.5,33.50714285714286,11.55,161.1875,37.4078947368421,85.46296296296295,42.43846153846154,130.35526315789474,96.4625,288.7142857142857,62.1,225.66666666666663,43.1,11.1,98.46,280.0,342.05,16.45,15.95,54.7,47.58154761904761,9.28875,20.130827067669173,13.310560344827588,24.113888888888887,12.15,11.25,19.23265306122449,15.845833333333333,209.0,2907.5,101.0,11.435714285714285,70.8,87.35238095238094,14.1,76.6,49.3
74.63333333333334,9.09,30.35,31.0,14.25,269.75,26.702439024390245,53.4,103.5,181.3181818181818,7.63,71.1,24.691666666666666,28.8,42.525,108.0,40.96,12.85,18.1,36.45,183.25,442.375,29.87083333333333,20.601612903225806,47.95,31.85,24.0,24.0,386.0,23.35,18.757692307692302,51.5,7.260178571428571,36.35,10.647826086956524,13.599999999999998,16.825000000000006,58.9,38.093220338983045,31.2,28.58455882352941,60.52857142857143,82.3,49.08000000000001,50.76,28.878461538461536,21.81089743589743,98.03333333333336,62.83333333333334,14.1,60.95,15.025,35.3,10.375,11.85,22.65,19.61103896103896,224.0,182.5,24.1,9.45,26.55,8.55,10.0,13.648780487804878,19.05,8.23,17.475,56.74615384615385,118.0,13.975,49.0,66.76666666666667,18.08125,91.12531645569621,33.9,94.6,146.5,36.42142857142857,55.56,8.840000000000002,103.46153846153848,60.53333333333333,70.5842105263158,427.0,35.45,213.5,15.95,193.13636363636363,190.16666666666663,92.3,259.0,41.0,83.25555555555555,36.95,35.5,33.95,57.5,71.56666666666666,60.9,70.4,30.1875,518.8333333333334,19.726712328767125,55.79999999999999,378.0,255.5,33.5,11.533333333333333,161.0,37.38434782608695,85.46666666666665,42.486,130.36875,96.5090909090909,288.6,62.1125,225.29166666666663,42.942592592592575,11.095111111111109,98.48888888888888,280.0,342.1818181818182,16.4,15.939230769230768,54.683870967741925,47.48973509933775,9.29758865248227,20.127540106951876,13.35,24.077419354838714,12.15,11.2025,19.20686274509804,15.8,208.5,2906.666666666666,101.5,11.401851851851852,70.875,87.42222222222222,14.083870967741936,76.7,49.27142857142857
74.66666666666667,9.09,30.3,31.0,14.25,269.09090909090907,26.766666666666666,53.5,103.4,182.0,7.63,70.9,24.6,28.8,42.50882352941176,108.0,41.0,12.95,18.071428571428573,36.45,183.125,440.5,29.85,20.6,47.95,31.85,24.15,24.0,386.0,23.33717948717949,18.75714285714286,51.34285714285715,7.2799999999999985,36.26363636363636,10.650000000000002,13.648076923076925,16.8,58.8,38.19202898550725,31.2,28.575000000000006,60.717391304347814,81.8,49.02272727272727,50.8,28.7015625,21.889007092198586,98.0,62.625,14.15,61.0,15.025,35.3,10.4,11.81578947368421,22.575000000000006,19.638888888888886,224.0,184.16666666666663,24.064285714285717,9.449416666666666,26.502564102564104,8.52,10.0,13.65,19.02,8.23,17.497619047619047,57.15000000000001,118.0,13.95,49.05,66.5,18.1,90.84848484848484,33.88333333333333,94.6,146.5,36.35,55.470370370370375,8.84,103.5,60.53333333333334,70.5758620689655,426.5,35.46666666666667,213.5,15.95,192.77272727272728,190.0,92.2,260.5,40.95,83.38571428571429,36.95,35.5125,33.85,57.5,71.5,60.8,70.325,30.16428571428571,519.0,19.6953125,55.8,378.0,255.5,33.45,11.55,162.0,37.28718861209964,85.4734375,42.451785714285705,130.49137931034485,96.79375,288.75,62.0,225.1,42.95,11.1,98.4909090909091,280.1013513513513,342.0,16.4,15.914285714285715,54.603409090909096,47.41745283018867,9.3,20.1124,13.327906976744185,24.062068965517245,12.151960784313724,11.21,19.21923076923077,15.806,209.0,2900.0,101.0,11.400000000000002,70.858,87.4,14.05,77.0,49.25
74.62857142857142,9.09,30.35,31.0,14.25,268.6666666666667,26.70833333333333,53.4,103.5,182.125,7.62,70.7,24.691666666666666,28.8,42.5,108.0,41.0,12.85,18.05,36.45,183.4375,442.5,29.850000000000005,20.6,47.95000000000001,31.85,24.0,24.05,386.0,23.30033333333333,18.775,51.422222222222224,7.224615384615384,36.2,10.647727272727273,13.616666666666667,16.841176470588238,58.9,38.00061728395062,31.197368421052627,28.58455882352941,60.70666666666666,82.3,48.92,50.70000000000001,28.7,21.9,97.975,62.543103448275865,14.1,61.05,15.016666666666666,35.2,10.375,11.784090909090908,22.71923076923077,19.604629629629628,224.0,184.5,23.95,9.441176470588236,26.443788819875778,8.51047619047619,10.0,13.648780487804878,19.03828125,8.23227272727273,17.50735294117647,56.74615384615385,118.0,13.95,49.3,66.53999999999999,18.1175,90.6,33.9,94.36666666666667,146.5,36.35,55.3875,8.846470588235295,103.5,60.53333333333333,70.59375,426.0,35.45,213.5,15.95,192.0,190.875,92.3,259.0,41.0,83.5,36.9,35.5,33.95,57.5,71.5,60.53846153846154,70.4,30.15,519.8571428571429,19.7,55.8,378.0,255.5,33.475,11.550000000000002,161.5,37.088979591836726,85.43561643835615,42.48,130.425,96.88030303030304,289.0,62.00769230769231,224.9230769230769,43.05,11.05,98.42348484848486,279.344262295082,341.85714285714283,16.4,15.95,54.58105263157895,47.3684375,9.30720461095101,20.1,13.349743589743586,24.05,12.15,11.231481481481481,19.236842105263158,15.812500000000005,208.5,2896.666666666666,101.5,11.407989690721653,70.9,87.34999999999998,14.083870967741936,76.7,49.25555555555556
74.6,9.075111111111113,30.3,31.0,14.25,268.625,26.766666666666666,53.5,103.42857142857143,182.96153846153842,7.63,70.7,24.6,28.8,42.50882352941176,108.0,40.925,12.95,18.0,36.45,183.5,440.5,29.820000000000004,20.6,47.95,31.85,24.15,24.05,386.0,23.23118811881188,18.75,51.375,7.25,36.18888888888889,10.65,13.646153846153847,16.88529411764706,58.8,37.880508474576274,31.2,28.550000000000008,60.76521739130435,82.45,48.53181818181818,50.66666666666666,28.747727272727275,21.931343283582088,97.51428571428572,62.524,14.15,61.23846153846154,15.025,35.2,10.4,11.8,22.575000000000006,19.60120481927711,224.0,184.5,23.914285714285718,9.44,26.45,8.51,10.0,13.65,19.025,8.213272727272727,17.562755102040818,57.0,118.0,13.936666666666666,49.36666666666667,66.45,18.142307692307693,90.71551724137932,33.85,94.31666666666666,146.5,36.35,55.26666666666666,8.853559322033899,103.77272727272728,60.51304347826087,70.69444444444444,426.5,35.45,213.5,15.95,191.875,191.0,92.2,260.5,40.95,83.48571428571428,36.83000000000001,35.5,33.85,57.43333333333334,71.5,60.525,70.3,30.157000000000004,519.8181818181819,19.7,55.9,383.0,254.5,33.45,11.55,161.66666666666666,37.046969696969704,85.4655172413793,42.445454545454545,130.5,96.8,289.0,61.95333333333334,224.66666666666663,42.94000000000001,11.05,98.43818181818185,277.85714285714283,341.6666666666667,16.35,15.9,54.529411764705884,47.26559633027524,9.310979020979019,20.108823529411765,13.343987975951904,24.05,12.152941176470588,11.211083743842364,19.2109756097561,15.824193548387097,209.0,2882.5,101.0,11.385532994923857,70.92857142857143,87.27857142857144,14.05,77.0,49.207377049180316
74.3,9.039285714285716,30.35,31.0,14.25,269.1666666666667,26.65,53.4,103.2,182.46153846153842,7.62,70.7,24.691666666666666,28.8,42.42068965517242,108.0,40.941666666666656,12.85,18.05,36.45,183.3181818181818,442.0,29.792105263157893,20.6,47.81666666666667,31.75,24.0,24.016666666666666,386.0,23.120645161290327,18.75,51.24827586206896,7.25,36.15,10.7,13.642857142857142,16.861764705882358,58.9,37.839583333333344,31.25,28.58455882352941,60.9,82.4,48.471428571428575,50.61428571428571,28.674285714285716,21.916993464052286,96.94,62.47352941176471,14.10625,61.3923076923077,15.0125,35.2,10.375,11.8,22.8,19.54019607843137,224.16666666666663,184.5,23.95,9.441176470588236,26.39608938547486,8.51,9.99,13.648780487804878,19.05,8.200086956521739,17.604852320675107,56.74615384615385,118.0,13.900000000000002,49.45,66.43333333333334,18.15,90.63225806451612,33.85,94.28,146.92857142857142,36.3,55.3,8.86,103.5,60.481481481481474,70.72564102564101,426.0,35.45,213.5,15.95,191.5769230769231,190.875,92.3,259.0,41.0,83.39999999999998,36.85,35.5,33.85,57.475,71.4,60.60000000000001,70.15384615384616,30.19,520.0,19.666666666666668,55.79999999999999,378.0,255.5,33.45,11.55,161.13888888888889,37.171186440677964,85.45862068965519,42.41125,130.39285714285714,96.79999999999998,289.5,62.00769230769231,224.9230769230769,42.88,11.047924528301888,98.5,277.1351351351352,341.14285714285717,16.35,15.9,54.53846153846154,47.20287769784173,9.302457142857145,20.068129770992368,13.34675,24.04827586206897,12.111458333333333,11.20375,19.212962962962962,15.800000000000002,208.5,2877.857142857143,101.41071428571428,11.35,70.90833333333335,87.18809523809526,14.083870967741936,76.8,49.191176470588225
74.4,9.017037037037037,30.275,31.0,14.2,269.0,26.766666666666666,53.5,103.1,181.41666666666663,7.610000000000001,70.7,24.6,28.8,42.47142857142858,108.0,40.8,12.95,18.0,36.45,183.02941176470588,440.5,29.84375,20.6,47.95,31.75,24.05,24.05,385.0,23.06238738738739,18.72013888888889,51.0125,7.266666666666667,36.15,10.685714285714283,13.601041666666667,16.80603448275862,58.9,37.830952380952375,31.29347826086957,28.550000000000008,60.96,82.4,48.4875,50.51733333333333,28.629220779220773,21.899999999999995,96.8,62.2890625,14.15,61.40666666666666,15.035000000000002,35.2,10.35,11.8,22.8,19.55,224.0,184.5,23.914285714285718,9.44,26.437894736842107,8.51,10.0,13.65,19.05,8.19909090909091,17.64241379310345,56.95,118.0,13.9125,49.4,66.55714285714285,18.139473684210525,90.47674418604653,33.81666666666666,94.3125,146.8,36.3,55.25999999999999,8.86,103.53333333333332,60.4,70.81789473684209,426.5,35.45,213.5,15.95,191.5,191.0,92.2,260.5,40.98333333333333,83.38571428571429,36.85,35.5,33.85,57.377251184834115,71.5,60.6,70.10000000000001,30.15,521.0833333333334,19.7,55.78333333333333,383.0,254.5,33.480000000000004,11.550000000000002,161.10526315789474,37.234,85.375,42.41442307692308,130.225,96.8,289.0,61.6,224.5,42.816666666666656,11.0,98.42325581395349,277.73809523809524,341.3333333333333,16.35,15.9,54.54166666666666,47.18064516129032,9.307236842105263,20.004285714285714,13.35,24.05,12.1,11.201162790697675,19.2125,15.805813953488373,209.0,2870.0,101.5,11.35,70.92500000000003,87.10000000000002,14.05,76.9,49.18125000000001
74.3,9.012684210526317,30.35,31.0,14.25,269.3333333333333,26.65,53.4,103.0,180.7333333333333,7.618333333333332,70.7,24.691666666666666,28.8,42.4,107.5,40.79999999999999,12.85,18.0125,36.45,182.5909090909091,442.3,29.75526315789474,20.55,47.8,31.8,24.0,24.1,386.0,23.00089928057554,18.66621621621621,51.06363636363637,7.2799999999999985,36.11666666666667,10.638679245283017,13.596875,16.776086956521738,58.9,37.7375,31.300000000000004,28.52916666666667,61.0,82.45,48.4,50.41666666666666,28.69411764705882,21.9020202020202,95.98333333333332,62.31641791044776,14.10625,61.2875,15.03125,35.2,10.35,11.8,22.77,19.55,224.16666666666663,184.5,23.95,9.44,26.417379679144386,8.51,9.99,13.648780487804878,19.05,8.191666666666666,17.635611510791367,56.94,118.0,13.96,49.33333333333334,66.64285714285714,18.15,90.12772277227722,33.85,94.25,147.0,36.3,55.2,8.850909090909092,103.5,60.4,70.91463414634147,426.0,35.2,213.5,15.9,191.5,190.83333333333331,92.3,260.0,41.0,83.49333333333334,36.85,35.5,33.85,57.3,71.3,60.6,70.1,30.162499999999994,522.7058823529412,19.675,55.7,378.0,255.5,33.5,11.55,161.08333333333334,37.225,85.30285714285716,42.40833333333333,130.35185185185185,96.5,288.3333333333333,61.6,224.5,42.975,11.008489208633094,98.42727272727274,279.0,341.75,16.35,15.9,54.5,47.23161764705882,9.3,20.05,13.35,24.05,12.069879518072288,11.242857142857142,19.210169491525427,15.842372881355931,208.5,2875.0,101.83333333333331,11.36535433070866,70.9,87.11999999999998,14.083870967741936,76.8,49.13166666666667
74.2,9.007380952380952,30.275,31.0,14.2,269.0,26.607142857142858,53.5,103.0,180.5,7.61,70.7,24.6,28.8,42.464285714285715,107.5,40.8,12.95,18.0,36.45,182.5,443.5,29.73,20.55,47.95,31.65,24.05,24.1,385.0,22.92431972789116,18.67105263157895,50.925,7.26125,36.1,10.65,13.5875,16.725555555555555,58.8,37.722727272727276,31.25,28.5,60.90000000000001,82.4,48.42857142857143,50.3090909090909,28.704999999999995,21.94833333333333,95.54285714285713,62.21636363636364,14.15,61.3,15.05,35.2,10.35,11.8,22.763636363636365,19.49590643274854,224.0,185.0,23.95,9.44,26.365540540540536,8.51,10.0,13.65,19.05,8.195625,17.5796511627907,57.0,118.0,13.9,49.45,66.705,18.15,90.0894736842105,33.8,94.2,146.875,36.21315789473685,55.16,8.85,103.5,60.4,71.11960784313726,426.5,35.45,213.5,15.95,191.5,191.0,92.2,260.0,40.95,83.50666666666666,36.9,35.55,33.85,57.29999999999999,71.3,60.6,70.10000000000001,30.15,523.8235294117649,19.700000000000006,55.78333333333333,383.0,254.5,33.46250000000001,11.516666666666667,161.25,37.15754716981132,85.3242105263158,42.40901639344261,130.07926829268294,96.5,287.75,61.6,224.75,42.892857142857146,10.976190476190476,98.5,279.3076923076923,342.3125,16.349999999999998,15.9,54.372,47.25,9.29407142857143,20.04871794871795,13.330263157894736,24.05,12.15,11.206410256410255,19.200000000000006,15.8,208.0,2875.0,102.0,11.348865619546249,70.9,87.0,14.05,76.8,49.094444444444456
74.15,9.0,30.35,31.0,14.25,269.1,26.6,53.4,103.0,180.5,7.618333333333332,70.72500000000002,24.691666666666666,28.8,42.4,107.5,40.8,12.85,18.0125,36.45,182.25,442.3,29.775,20.5,47.75,31.625,24.0,24.08333333333333,386.0,22.954601226993862,18.664285714285715,51.06,7.25,36.175,10.65,13.550943396226414,16.776086956521738,58.9,37.67857142857143,31.20806451612903,28.470588235294123,60.848648648648656,82.5,48.51000000000001,50.3,28.70245901639344,21.986525974025973,95.21111111111112,62.14285714285714,14.10625,61.3,15.01875,35.2,10.4,11.8,22.76136363636364,19.5,224.5,184.5,23.95,9.43,26.354135338345863,8.54,9.99,13.648780487804878,19.0,8.19,17.617816091954023,56.84,118.0,13.9,49.35,66.77499999999999,18.113333333333326,90.0,33.8,94.2,146.75,36.1,55.10526315789475,8.84,103.5,60.5,71.16666666666667,426.0,35.2,213.5,15.9,192.0,190.5,92.3,260.0,41.0,83.6,36.90000000000001,35.5,33.85,57.2758064516129,71.3,60.58,70.1,30.162499999999994,524.2222222222222,19.683333333333326,55.7,378.0,254.5,33.475,11.544444444444444,161.0,37.089855072463756,85.303125,42.42948717948718,129.8666061705989,96.475,287.75,61.55714285714286,224.16666666666663,42.78333333333333,10.950833333333335,98.43,279.5,342.0,16.35,15.9,54.319767441860456,47.25,9.3,20.045454545454547,13.289285714285715,24.0,12.088636363636365,11.17475247524752,19.169676806083647,15.8,208.125,2875.0,102.0,11.341275167785232,70.9,87.025,14.05,76.79999999999998,49.096551724137925
74.3,9.0,30.316666666666666,31.0,14.2,269.5,26.55789473684211,53.5,103.0,180.5,7.61,70.66666666666667,24.6,28.75,42.5,107.0,40.85,12.95,18.0,36.45,181.51190476190484,443.5,29.75,20.5,47.65000000000001,31.625,24.0875,24.1,384.5,22.955868544600936,18.654545454545453,50.925,7.25,36.1,10.65,13.55,16.744999999999994,58.8,37.62380952380953,31.15,28.49,60.76315789473684,82.4,48.475,50.147222222222226,28.730555555555547,21.965625,95.42307692307692,62.01463414634146,14.15,61.26000000000001,15.0,35.2,10.35,11.8,22.75,19.4734375,224.5,185.0,23.95,9.425,26.35833333333333,8.51,10.0,13.65,19.005769230769232,8.180645161290322,17.6,56.8,117.5,13.9,49.35,66.75714285714287,18.14375,90.06363636363636,33.75,94.2,146.5,36.05625,55.08750000000001,8.84909090909091,103.5,60.5,71.0488888888889,426.5,35.5,213.5,15.949999999999998,191.75,191.0,92.2,260.0,40.96250000000001,83.645,36.86,35.55,33.85,57.2,71.2,60.6,70.1,30.2,524.3684210526316,19.652010050251256,55.7,383.0,254.5,33.48333333333333,11.55,161.0,37.01079545454545,85.33461538461538,42.42727272727272,129.63666666666666,96.42,287.75,61.6,223.82142857142856,42.75769230769232,10.95,98.4323943661972,279.15384615384613,341.9117647058824,16.35,15.9,54.25301204819278,47.203125,9.290636942675158,20.026315789473685,13.25,24.014545454545452,12.05084745762712,11.1625,19.15,15.820588235294121,208.0,2870.0,102.0,11.31,71.0,86.99285714285715,14.1,76.7,49.1
74.3,8.990666666666666,30.35,31.0,14.25,270.0,26.600000000000005,53.4,103.0,180.375,7.62,70.6,24.691666666666666,28.8,42.45,107.5,40.84375,12.85,18.0125,36.45,181.33333333333331,442.3,29.75,20.5,47.6375,31.6,24.05,24.08333333333333,384.5,22.95,18.7,51.06,7.25,36.1,10.65,13.515,16.7125,58.9,37.48421052631579,31.112500000000004,28.5,60.63555555555556,82.53333333333333,48.6,50.07241379310346,28.74333333333333,21.950000000000006,95.4,61.99407407407408,14.10625,61.23333333333334,15.03125,35.2,10.375,11.750980392156864,22.75,19.49,224.5,184.5,23.95,9.420625,26.330180180180182,8.54,9.99,13.65,18.95,8.19,17.582000000000004,56.86666666666667,117.5,13.9,49.35,66.75,18.1,90.2183673469388,33.775,94.2,146.5,36.00833333333333,54.99,8.84,103.375,60.5,71.0206896551724,420.0,35.5,213.5,15.9,192.0,190.5,92.3,260.0,41.0,83.8625,36.90113636363637,35.54,33.85,57.25227272727273,71.3,60.728571428571435,70.22500000000001,30.18,523.0,19.65,55.7,378.0,254.5,33.45,11.55,161.125,37.09090909090909,85.31724137931035,42.4275,129.9375,96.4909090909091,287.75,61.56,224.16666666666663,42.76000000000001,10.95757575757576,98.5,278.6,341.375,16.349999999999998,15.9,54.08563535911603,47.111951219512186,9.290413793103447,20.04485294117647,13.259523809523811,24.039393939393946,12.076190476190474,11.191666666666668,19.16224489795918,15.799999999999995,208.125,2870.0,102.0,11.302272727272728,70.9,86.91538461538461,14.1,76.5,49.2
74.3,8.988644067796614,30.35,31.0,14.2,270.0,26.600000000000005,53.5,102.86111111111113,180.0714285714286,7.61,70.6,24.6,28.75,42.45,107.0,40.91666666666666,12.95,18.05,36.45,181.72222222222226,443.5,29.8,20.5,47.65000000000001,31.562,24.110000000000007,24.1,384.0,22.950000000000006,18.7,51.0,7.272,36.1,10.6,13.563636363636364,16.72558139534884,58.8,37.45,31.1,28.603448275862068,60.58674698795181,82.6,48.6,50.05714285714286,28.738372093023248,21.91,95.40000000000002,61.89661016949154,14.15,61.228571428571435,15.035714285714285,35.2,10.4,11.800000000000002,22.644736842105264,19.461111111111116,224.5,185.0,23.899999999999995,9.425,26.28041958041958,8.51,10.0,13.65,18.960714285714285,8.18,17.564788732394366,56.9,117.08333333333331,13.9,49.35,66.73157894736842,18.1,90.275,33.8,94.15454545454546,146.7,36.0,54.81666666666666,8.83,103.16666666666669,60.44545454545455,70.95,426.5,35.45,213.5,15.949999999999998,191.8,190.5,92.2,260.0,41.0,83.94545454545455,36.95,35.55,33.85,57.297435897435896,71.2,60.81428571428571,70.34,30.154999999999994,521.7777777777778,19.65,55.70000000000001,383.0,254.5,33.48333333333333,11.533695652173913,161.08333333333334,37.1125,85.371875,42.442241379310346,129.5,96.4,287.75,61.6,223.72222222222226,42.75,10.952941176470587,98.47142857142859,278.6666666666667,341.5,16.31571428571429,15.9,54.0,47.04954545454545,9.286224899598393,20.05,13.294915254237287,24.03333333333333,12.05084745762712,11.2,19.15909090909091,15.803846153846154,208.0,2875.0,102.0,11.304411764705884,71.0,86.85000000000002,14.1,76.6,49.2
74.3,8.95074074074074,30.3,31.0,14.25,271.0,26.6,53.3,102.6,180.0,7.61,70.6,24.6,28.8,42.45,106.5,40.90238095238095,12.95,18.0125,36.45,182.0,443.0,29.8,20.5,47.6375,31.65,24.15,24.1,384.5,22.95,18.7,51.0,7.2799999999999985,36.1,10.6,13.55,16.82023346303502,58.9,37.425,31.08333333333333,28.5,60.68157894736842,82.53333333333333,48.65000000000001,50.1,28.75348837209302,21.876277372262773,95.43333333333334,61.93333333333333,14.1,61.144,15.05,35.2,10.375,11.8,22.75,19.49,224.5,184.5,23.9,9.420625,26.23852459016393,8.53,9.99,13.65,18.975,8.18611111111111,17.548770491803285,56.86666666666667,117.0,13.95,49.45000000000001,66.7875,18.100000000000005,90.4,33.697500000000005,94.15,146.5,36.05,54.81176470588235,8.83,103.05714285714286,60.4,70.97999999999998,420.0,35.5,212.5,15.9,191.75,190.0,92.3,260.0,41.0,84.0076923076923,36.90113636363637,35.50833333333333,33.85,57.35454545454545,71.2,60.89,70.22500000000001,30.149999999999995,522.0,19.65,55.6,378.0,254.25,33.45,11.501470588235295,161.22222222222226,37.1,85.30909090909091,42.45,129.95275590551182,96.4,287.75,61.56,223.0,42.833333333333336,10.95,98.5,278.46153846153845,341.2142857142857,16.306250000000002,15.9,53.978409090909096,47.073489932885906,9.286176470588234,20.05,13.296875,24.02916666666667,12.083333333333336,11.16,19.15,15.814999999999998,208.0,2871.666666666666,102.0,11.334868421052633,70.89999999999998,86.92,14.1,76.7,49.18571428571429
74.3,8.963333333333333,30.35,31.0,14.2,271.6842105263158,26.6,53.5,102.5,180.05555555555554,7.61,70.5,24.55,28.75,42.45,106.5,40.9,12.95,18.05,36.45,181.9,443.0,29.850000000000005,20.5,47.65,31.6,24.110000000000007,24.1,384.0,22.95,18.7,50.88823529411764,7.263636363636365,36.05,10.6,13.55,16.854545454545455,58.8,37.425,31.1,28.5,60.5,82.6,48.69333333333335,50.114285714285714,28.754166666666666,21.85,95.0,61.979365079365074,14.15,61.12000000000001,15.050000000000002,35.2,10.35,11.8,22.6,19.45,224.5,185.0,23.978571428571428,9.425,26.24602272727273,8.51,9.98,13.65,18.966666666666665,8.18,17.544285714285714,56.8,117.0,13.9125,49.38,66.76666666666667,18.1,90.35925925925925,33.71250000000001,94.20000000000002,146.7,36.03,54.971428571428575,8.83,103.0,60.42727272727273,70.95416666666667,426.5,35.5,213.5,15.949999999999998,191.7142857142857,190.0,92.2,260.0,41.0,84.2,36.95,35.54375,33.85,57.33333333333334,71.2,61.0,70.4,30.15,522.1666666666666,19.646875,55.56153846153846,383.0,254.5,33.45,11.503488372093024,161.25,37.05,85.30000000000003,42.45000000000001,129.84615384615384,96.4,287.75,61.6,222.17204301075267,42.9,10.96923076923077,98.45,278.22727272727275,341.375,16.3,15.9,53.988934426229505,47.09672131147541,9.289619047619047,20.072142857142858,13.3,24.050000000000004,12.05084745762712,11.192857142857141,19.14,15.800000000000002,208.0,2879.0,102.0,11.316666666666668,70.9,86.9,14.05,76.6,49.15
74.42500000000003,8.983076923076924,30.3,31.0,14.25,272.225,26.519718309859158,53.3,102.08333333333331,180.5,7.6196,70.24,24.6,28.75,42.45,106.5,40.97000000000001,12.95,18.05,36.45,181.7,443.0,29.8,20.5,47.6375,31.55,24.064285714285717,24.1,384.0,22.958383233532928,18.725,50.771428571428565,7.256666666666666,36.125,10.620588235294116,13.55,16.714285714285715,58.9,37.386666666666656,31.1,28.5,60.51,82.65,48.634615384615394,50.25,28.771875,21.899999999999995,95.0,62.1,14.1,61.13636363636363,15.025,35.2,10.4,11.8,22.6,19.450000000000006,224.5,184.16666666666663,23.9,9.420625,26.252479338842978,8.53,9.99,13.65,18.95,8.18027027027027,17.525,56.86666666666667,117.125,13.95,49.35,66.735,18.12142857142857,90.15106382978723,33.697500000000005,94.2,146.5,36.025,55.0,8.83,102.97222222222223,60.4,71.00322580645161,420.0,35.53125,212.5,15.95,191.6,190.0,92.3,260.0,41.0,84.44444444444444,37.0,35.541666666666664,33.85,57.40000000000001,71.2,60.957142857142856,70.3,30.15833333333333,522.0,19.6375,55.50769230769231,378.0,254.25,33.40833333333333,11.500439882697947,161.0,37.045,85.3,42.49565217391304,129.9375,96.4,288.0,61.7,222.5,42.9,10.998897058823529,98.48181818181818,278.4583333333333,341.8333333333333,16.3125,15.9,54.10701754385964,47.10049504950496,9.292941176470588,20.1,13.3,24.05,12.05,11.151339285714288,19.1,15.800000000000002,208.0,2875.0,102.0,11.317105263157895,71.0,86.95,14.05,76.9,49.2
74.5,8.97181818181818,30.35,31.0,14.150000000000002,272.5,26.5,53.5,102.5,180.0714285714286,7.61,70.3,24.55,28.75,42.45,106.5,41.0,12.95,18.05,36.45,182.0625,443.0,29.8,20.5,47.7,31.503125,24.110000000000007,24.1,384.0,23.0,18.7,50.65,7.263333333333333,36.2,10.6,13.55,16.75,58.6,37.26000000000001,31.057142857142853,28.61666666666667,60.507407407407406,82.6,48.7,50.4,28.76770833333333,21.8224358974359,95.04,62.28157894736842,14.15,61.131578947368425,15.05,35.2,10.35,11.75,22.6,19.45357142857143,224.5,185.0,23.978571428571428,9.425,26.25235602094241,8.53,9.98,13.65,18.966666666666665,8.18,17.525,56.82857142857142,117.0,13.95,49.325,66.8,18.15,90.0,33.74545454545454,94.34666666666666,146.5,36.05,54.91666666666666,8.82,103.0,60.36666666666667,71.0758620689655,426.5,35.55,213.5,15.9,191.875,190.0,92.2,260.0,41.0,84.54166666666667,37.0,35.54375,33.85,57.373170731707326,71.2,60.957142857142856,70.3,30.15357142857143,521.9230769230769,19.6,55.5,383.0,254.5,33.317821782178214,11.5,161.14285714285714,37.026315789473685,85.30925925925925,42.49329896907217,129.92,96.4,287.875,61.6,223.0,42.85,11.0,98.5,278.575,342.0,16.3,15.9,54.31935483870968,47.13636363636363,9.28970588235294,20.092346938775517,13.251923076923076,24.046875,12.05,11.201525423728812,19.1,15.799999999999995,208.25,2876.4285714285716,101.5,11.35,71.0,86.86000000000001,14.075,76.8,49.20000000000001
74.5,8.98,30.3,31.0,14.25,272.22727272727275,26.51086956521739,53.3,102.08333333333331,180.0,7.6196,70.24,24.6,28.7,42.45,106.5,41.05,12.95,18.016666666666666,36.45,182.03846153846158,443.5,29.8,20.5,47.7,31.55,24.064285714285717,24.1,384.0,23.0,18.725,50.6,7.27,36.2,10.608333333333334,13.55,16.75,58.9,37.29375,31.092857142857145,28.526470588235302,60.38787878787878,82.65,48.65000000000001,50.4,28.771875,21.800000000000004,95.17272727272729,62.18695652173913,14.1,61.03333333333333,15.05,35.2,10.4,11.8,22.6125,19.45,224.5,184.5,23.9,9.43,26.3,8.54,9.99,13.65,18.964285714285715,8.182307692307694,17.519736842105264,56.8,117.0,13.95,49.35,66.7875,18.14,90.09090909090908,33.8,94.5,146.6,36.05,55.0,8.809090909090909,102.98360655737706,60.3,71.1972602739726,420.0,35.53125,212.5,15.95,192.0,190.0,92.3,260.0,41.0,84.79130434782608,37.02777777777778,35.54999999999999,33.833333333333336,57.38999999999999,71.2,60.93333333333333,70.3,30.15,522.0,19.602941176470583,55.55,378.0,254.25,33.229687500000004,11.5,161.125,37.004054054054066,85.33214285714284,42.475,130.0,96.48,287.75,61.6,223.5,42.9,11.0,98.43333333333334,279.0,342.4375,16.3,15.9,54.308196721311475,47.16742424242425,9.28,20.08333333333333,13.262592592592592,24.0375,12.075,11.25,19.1,15.786,208.0,2875.0,101.8,11.35,71.0,86.85999999999999,14.1,76.8,49.19545454545455
74.55,8.970204081632655,30.35,30.83,14.15,272.5,26.5,53.3,102.5,180.0714285714286,7.62,70.175,24.55,28.75,42.4,106.5,41.138888888888886,12.95,18.05,36.45,182.33333333333331,441.5,29.8,20.5,47.65,31.5,24.110000000000007,24.1,383.5,23.00204081632653,18.7,50.714285714285715,7.259999999999999,36.2,10.65,13.591666666666667,16.73125,58.6,37.344444444444434,31.075000000000006,28.482692307692307,60.37169811320755,82.6,48.62380952380953,50.4,28.815625000000004,21.85,95.32857142857141,62.00405405405406,14.15,61.03333333333333,15.122834645669293,35.2,10.35,11.8,22.630000000000006,19.450000000000006,224.5,185.0,23.978571428571428,9.425,26.308298755186726,8.53,9.99,13.65,19.0,8.19,17.55,56.78333333333333,117.0,13.935416666666667,49.33,66.7909090909091,18.1,90.05263157894736,33.79,94.5,146.5,36.05,54.90000000000001,8.809411764705883,103.0,60.325,71.378125,426.5,35.57083333333333,212.5,15.9,192.15,190.0,92.2,260.0,41.0,84.79999999999998,37.05,35.5,33.85,57.43692307692307,71.2,60.92,70.3,30.15,521.5,19.65,55.7,383.0,254.5,33.21538461538461,11.5,161.1,36.98695652173914,85.3,42.48409090909092,130.0,96.5,287.85714285714283,61.6,223.5,42.865,10.997727272727273,98.49166666666667,278.945945945946,342.7875,16.3,15.9,54.265196078431366,47.18333333333333,9.29,20.0609375,13.251851851851852,24.04,12.09,11.2,19.11733333333333,15.75,208.25,2876.4285714285716,102.0,11.35,70.9,86.9,14.05,76.8,49.18260869565216
74.5,8.969999999999997,30.3,30.75,14.15,272.125,26.6,53.3,102.5,180.0,7.629999999999999,70.17500000000001,24.6,28.7,42.425,107.0,41.16428571428571,13.0,18.016666666666666,36.45,182.25,443.0,29.8,20.5,47.7,31.575000000000006,24.064285714285717,24.1,384.0,23.0,18.74285714285714,50.8,7.2655555555555535,36.30625,10.657142857142857,13.591666666666667,16.701851851851853,58.9,37.351724137931036,31.100000000000005,28.526470588235302,60.34642857142857,82.65,48.6,50.43333333333334,28.8,21.850000000000005,95.3,61.93214285714286,14.1,61.08181818181818,14.97247191011236,35.25,10.4,11.8,22.633333333333336,19.45,224.5,184.5,23.95,9.43,26.3775,8.54,9.99,13.65,18.906382978723407,8.19,17.55,56.8,117.0,13.95,49.30555555555554,66.72000000000001,18.13125,90.071875,33.85,94.62857142857143,146.0,36.05,54.93333333333334,8.8,103.0,60.30952380952379,71.58714285714284,423.0,35.55,213.0,15.95,192.6,190.0,92.3,260.0,40.95,84.79444444444444,37.09285714285715,35.5,33.80333333333333,57.49677419354839,71.3,61.0,70.3,30.15,522.0,19.602941176470583,55.7,378.0,254.66666666666663,33.20384615384616,11.5,161.08333333333334,36.932432432432435,85.29999999999998,42.46666666666667,130.0,96.5,288.0,61.6,223.5,42.89545454545455,11.0,98.5,279.0,344.33333333333326,16.3,15.9,54.14999999999999,47.18428571428571,9.29,20.1,13.28,24.023076923076925,12.075,11.201176470588234,19.1,15.775,208.0,2880.0,102.0,11.349999999999998,70.9,86.95333333333332,14.05,76.8,49.2
74.48888888888888,8.96,30.25,30.83,14.15,272.07142857142856,26.566666666666666,53.4,102.66666666666669,180.16666666666663,7.63,70.15,24.55,28.75,42.5,106.5,41.175,12.95,18.05,36.45,182.14285714285717,441.5,29.8,20.55,47.70000000000001,31.55,24.110000000000007,24.1,383.5,22.953791469194318,18.725,50.91538461538461,7.269999999999999,36.35,10.65,13.55,16.725,58.6,37.3875,31.054,28.482692307692307,60.26428571428572,82.6,48.62380952380953,50.5,28.8,21.85,95.27142857142857,61.984375,14.15,61.15,15.0,35.2,10.35,11.8,22.6,19.40238095238095,224.5,184.5,23.95,9.425,26.39921875,8.53,9.998142857142858,13.65,18.857777777777773,8.19,17.6,56.78333333333333,116.63,13.949999999999998,49.26874999999999,66.7,18.100862068965515,89.92941176470586,33.79,94.66666666666669,146.5,36.0,54.78695652173914,8.802,103.0,60.26666666666667,71.8472049689441,426.5,35.55,212.5,15.9,192.64285714285717,190.0,92.2,260.0,41.0,84.66428571428574,37.05,35.55,33.8,57.5,71.3,60.96363636363637,70.3,30.15,522.0,19.65,55.8,383.0,254.5,33.25,11.5,161.3125,37.0564,85.30909090909091,42.5,130.0,96.56666666666666,287.9,61.6,224.0,42.87,11.005198019801982,98.475,279.2,344.26530612244903,16.3,15.904545454545454,54.09672131147541,47.168617021276596,9.285348837209302,20.066666666666666,13.25,24.01,12.050000000000002,11.189855072463768,19.101000000000006,15.771666666666668,208.0,2875.0,101.5,11.360776942355887,70.9,86.96666666666665,14.050000000000002,76.8,49.25769230769231
74.5,8.963437500000003,30.3,30.75,14.15,272.0,26.616666666666664,53.45,102.5,180.0,7.63,70.2,24.6,28.7,42.45,106.5,41.20263157894737,13.0,18.016666666666666,36.45,182.5,443.5,29.8,20.55,47.64,31.55,24.064285714285717,24.1,384.0,22.90603448275862,18.73571428571429,50.8,7.262307692307693,36.35,10.657142857142857,13.55,16.701851851851853,58.9,37.3,31.130000000000006,28.526470588235302,60.24782608695652,82.65,48.62222222222222,50.48666666666666,28.76181818181818,21.85,95.3,61.957692307692305,14.1,61.18571428571429,14.97247191011236,35.25,10.35,11.8,22.637500000000006,19.4375,224.5,185.0,23.95,9.43,26.402830188679253,8.54,10.0,13.65,18.829629629629636,8.192727272727273,17.6,56.9,115.9090909090909,13.95,49.2,66.7,18.1,89.89545454545456,33.85,94.62857142857143,146.0,35.97000000000001,54.76666666666667,8.8,103.0,60.3,71.825,422.5,35.56428571428571,213.0,15.95,192.625,190.0,92.3,260.0,41.0,84.45652173913044,37.07857142857143,35.5,33.8,57.460714285714296,71.3,60.95,70.3,30.1375,521.0,19.64411764705882,55.7,381.0,254.5,33.35,11.5,161.46666666666667,37.19952380952381,85.3,42.505633802816895,129.5681818181818,96.5,288.0,61.6,224.0,42.9,11.044736842105262,98.5,278.8863636363636,343.35714285714283,16.342105263157894,15.9,54.0,47.1625,9.29,20.100000000000005,13.266666666666666,24.03333333333333,12.05,11.2,19.10480769230769,15.75,208.0,2875.0,101.5,11.4,70.95,86.90000000000002,14.05,76.8,49.3125
74.48888888888888,8.973571428571429,30.25,30.83,14.15,272.0,26.6,53.4,102.66666666666669,180.16666666666663,7.63,70.2,24.55,28.75,42.45,106.5,41.18846153846154,12.95,18.05,36.45,182.5,444.0,29.8,20.55,47.6,31.55,24.100000000000005,24.1,383.5,22.835069444444446,18.735,50.9,7.2552631578947375,36.35,10.619201520912547,13.55,16.7,58.6,37.29615384615384,31.1,28.482692307692307,60.42941176470589,82.6,48.62380952380953,50.5,28.75,21.85833333333333,95.3,62.10000000000001,14.15,61.19000000000001,15.0,35.2,10.35,11.8,22.6,19.45,224.5,185.0,23.95,9.425,26.42546296296296,8.53,9.998142857142858,13.65,19.0,8.19,17.6,56.89999999999999,116.65517241379312,13.95,49.20000000000001,66.7,18.133333333333333,89.96176470588235,33.85,94.6,146.5,35.95,54.8,8.8,103.0,60.26666666666667,71.67906976744187,422.5,35.55,213.0,15.9,192.78571428571428,190.7,92.2,260.0,41.0,84.43333333333334,37.017647058823535,35.5,33.8,57.5,71.3,60.90000000000001,70.3,30.112500000000004,521.6,19.6375,55.8,383.0,254.5,33.35,11.5,162.0,37.25,85.31818181818181,42.52777777777778,130.0,96.59999999999998,287.9,61.6,223.2142857142857,42.87,11.02232704402516,98.5,278.625,343.5625,16.3,15.904545454545454,54.01518987341772,47.151923076923076,9.29,20.08023255813953,13.25,24.00495495495496,12.091666666666667,11.2,19.1,15.8,208.0,2870.0,101.5,11.3625,70.96000000000002,86.9,14.1,76.8,49.37000000000001
74.4,8.97,30.3,30.75,14.15,271.35714285714283,26.65,53.45,102.5,180.25,7.63,70.2,24.6,28.7,42.45,106.5,41.15,13.0,18.03333333333333,36.45,182.27777777777774,443.5,29.800000000000004,20.55,47.64,31.55,24.05,24.1,383.5,22.730859375,18.73571428571429,50.8,7.26111111111111,36.25,10.6,13.550000000000002,16.75,58.9,37.3,31.1,28.55,60.56153846153846,82.65,48.66363636363636,50.572413793103436,28.75,21.85,95.40000000000002,62.211111111111116,14.1,61.2,14.97247191011236,35.25,10.35,11.8,22.637500000000006,19.415625,224.5,184.91666666666663,23.899999999999995,9.43,26.43490566037736,8.53,10.0,13.65,19.0,8.2,17.6,56.9,116.63953488372091,13.949999999999998,49.2,66.80526315789473,18.1,90.07083333333333,33.85,94.6,146.0,35.91724137931035,54.79999999999999,8.81,103.0,60.285714285714285,71.60333333333334,422.5,35.50625,213.0,15.95,192.5,191.0,92.3,260.0,41.0,84.27692307692307,37.1,35.5,33.8,57.5,71.3,60.802127659574474,70.3,30.1375,522.0,19.625,55.7,381.0,254.5,33.4,11.5,161.66666666666666,37.36780821917807,85.37647058823529,42.54923076923077,130.0,96.6,288.0,61.6,223.0,42.9,11.049159663865547,98.5,278.95,343.4375,16.348684210526315,15.9,54.038095238095245,47.16666666666666,9.29,20.1,13.25,24.012162162162166,12.05,11.15,19.097193877551017,15.8,208.0,2870.0,101.5,11.350641025641027,70.95,87.0,14.066666666666668,76.8,49.4125
74.4,8.970666666666666,30.225,30.675,14.15,271.0,26.568181818181817,53.4,102.5,180.0,7.63,70.2,24.78333333333333,28.75,42.45,106.5,41.17105263157895,13.0,18.05,36.45,182.14285714285717,444.0,29.8,20.55,47.65,31.55,24.1,24.1,383.5,22.743506493506487,18.7,50.9,7.26,36.35,10.6,13.55,16.75,58.6,37.3029411764706,31.1,28.53928571428571,60.6,82.65,48.62352941176471,50.56666666666666,28.716363636363635,21.883333333333336,95.4,62.15000000000001,14.15,61.2,15.0,35.2,10.335304659498208,11.8,22.6,19.43387096774193,224.5,185.0,23.95,9.425,26.403703703703695,8.52125,9.998142857142858,13.65,18.93571428571429,8.2,17.602,57.0,116.1818181818182,13.95,49.20000000000001,66.86,18.077777777777776,90.2,33.85,94.58333333333331,146.5,35.925,54.9,8.8,103.0,60.29999999999999,71.6684210526316,422.0,35.5,213.0,15.95,192.42857142857144,190.5,92.2,260.0,41.0,84.2,37.0,35.5,33.8,57.5,71.3,60.7,70.4,30.112500000000004,521.8,19.6,55.8,383.0,254.5,33.4,11.55,161.74137931034485,37.4702657807309,85.3,42.55142857142857,129.55223880597015,96.7,287.9,61.6,223.2142857142857,42.8625,11.074315068493151,98.48333333333332,278.75,342.89285714285717,16.34444444444445,15.9,54.09848484848485,47.2,9.288333333333332,20.070370370370373,13.25,24.04642857142857,12.091666666666667,11.2,19.05,15.77,208.0,2870.0,101.5,11.355,70.91095890410959,86.9,14.1,76.9,49.45000000000001
74.2,8.97,30.3,30.7,14.15,271.0,26.65,53.45,102.5,180.5,7.63,70.2,24.6,28.7,42.45,106.5,41.24642857142858,13.0,18.03333333333333,36.45,182.0,443.5,29.8,20.55,47.64,31.55,24.05,24.1,383.5,22.731140350877194,18.7,50.8,7.2628571428571425,36.25,10.6,13.550000000000002,16.711224489795914,58.75,37.275,31.1,28.55,60.6,82.65,48.625,50.46571428571429,28.67232142857143,21.85,95.5,62.3,14.1,61.111111111111114,15.0,35.25,10.3,11.8,22.7,19.40357142857143,224.0,185.0,23.95,9.42,26.380147058823532,8.53,10.0,13.65,18.933333333333334,8.199166666666665,17.623170731707315,57.01666666666667,116.72222222222223,13.95,49.2,66.9,18.053968253968254,90.3,33.85,94.40000000000002,146.08333333333334,35.9,54.78333333333333,8.8,103.5,60.3,71.71739130434783,420.0,35.45,213.0,15.9,192.125,191.0,92.3,260.0,41.0,84.11666666666666,36.9875,35.5,33.79,57.5,71.3,60.61428571428571,70.3,30.1,521.0,19.65,55.7,381.0,254.5,33.35,11.5,161.5,37.54878048780488,85.36571428571429,42.6059880239521,129.76666666666668,96.66666666666669,288.0,61.6,223.0,42.840625,11.05,98.40588235294119,279.0,342.55,16.345000000000002,15.9,54.11363636363637,47.20000000000001,9.280789473684207,20.1,13.257142857142856,24.03787878787879,12.05,11.2,19.071621621621624,15.755555555555556,208.5,2870.0,101.5,11.366666666666667,70.9,87.0,14.066666666666668,76.8,49.43000000000001
74.32,8.986250000000002,30.225,30.675,14.15,271.0,26.571875,53.4,103.0,179.6875,7.63,70.2,24.7,28.725,42.45,106.5,41.216666666666654,13.0,18.05,36.45,182.5,444.16666666666674,29.8,20.55,47.65,31.55,24.1,24.1,383.5,22.762500000000006,18.7,51.0,7.219945355191256,36.31666666666667,10.6,13.55,16.725,58.8,37.3,31.104545454545452,28.55,60.615384615384606,82.58333333333333,48.51666666666667,50.37027027027027,28.637499999999992,21.89583333333333,95.4,62.19999999999999,14.1,61.016279069767435,15.0,35.15,10.3,11.8,22.735714285714288,19.41428571428571,224.5,185.5,23.95,9.425,26.33166666666667,8.52125,9.998142857142858,13.650000000000002,18.93571428571429,8.2,17.656410256410254,57.0,116.66666666666669,13.95,49.20000000000001,67.1,18.06,90.2894736842105,33.85,94.3,146.5,35.925,54.875,8.8,103.50763358778627,60.25,71.71785714285714,420.0,35.47941176470588,213.0,15.95,192.0,190.5,92.2,260.0,41.0,84.1,36.95357142857143,35.45,33.75,57.408823529411755,71.3,60.68000000000001,70.4,30.1,521.6666666666666,19.68,55.8,383.0,254.5,33.4,11.55,161.5,37.52450980392157,85.31951219512196,42.640625,129.94444444444446,96.75,288.5,61.6,223.2142857142857,42.834482758620695,11.08375,98.5,279.0,342.67857142857144,16.345454545454547,15.9,54.16111111111112,47.20000000000001,9.29,20.085294117647067,13.25413223140496,23.9828125,12.075,11.2,19.063888888888886,15.8,208.0,2870.0,101.5,11.361111111111109,70.91095890410959,87.0,14.05,76.81666666666669,49.39999999999999
74.3,8.96,30.2,30.7,14.15,271.0,26.61,53.45,102.5,179.0,7.63,70.2,24.6,28.7,42.45,106.5,41.21666666666667,13.0,18.05,36.45,182.25,443.5,29.8,20.59107142857143,47.65833333333333,31.7,24.05,24.1,383.5,22.8,18.7,51.03157894736842,7.232,36.25,10.6,13.588461538461539,16.711224489795914,58.75,37.3,31.1,28.55,60.67272727272728,82.65,48.464285714285715,50.13939393939394,28.649999999999995,21.853488372093025,95.5,62.25833333333333,14.1,61.0,15.0,35.25,10.3,11.8,22.7,19.4,224.5,185.5,23.9,9.42,26.32336448598131,8.52,10.0,13.65,18.85,8.199166666666665,17.674418604651166,57.1,116.5,13.95,49.2,67.4075,18.053968253968254,90.23333333333332,33.85,94.3142857142857,145.5,35.9,54.9,8.8,104.0,60.3,71.74999999999999,420.0,35.56666666666667,213.0,15.9,192.0,189.75,92.3,260.0,41.0,84.0764705882353,36.9,35.5,33.8,57.45,71.2,60.7,70.3,30.1,522.0,19.65,55.8,383.0,254.5,33.4,11.5,161.66666666666666,37.464338235294115,85.37500000000001,42.62282608695652,129.51260504201682,96.8,288.25,61.6,223.5,42.85,11.048039215686275,98.46818181818183,279.0,343.0,16.35,15.9,54.148,47.21375000000001,9.29,20.0875,13.26875,24.0,12.05,11.199999999999998,19.1,15.800000000000002,208.5,2875.0,101.5,11.4,70.9,86.9,14.085714285714285,76.84,49.405
74.32,8.98181818181818,30.077777777777786,30.675,14.15,271.0,26.65,53.5,103.0,179.0,7.63,70.2,24.7,28.725,42.45,106.5,41.23260869565218,13.05,18.05,36.45,182.125,444.5,29.8,20.6,47.75,31.65,24.1,24.1,383.5,22.83456790123457,18.7,51.2,7.260416666666668,36.25,10.6,13.583333333333336,16.725,58.8,37.35625,31.15,28.588461538461537,60.68000000000001,82.58333333333333,48.37962962962962,50.0,28.669736842105266,21.85,95.42,62.22173913043479,14.1,61.03636363636363,15.0,35.15,10.325,11.800000000000002,22.7375,19.4,224.5,185.85714285714286,23.95,9.425,26.3,8.52,9.998142857142858,13.65,18.85,8.191181102362204,17.693589743589747,57.0,116.5,13.9375,49.20000000000001,67.58571428571427,18.1,90.34285714285716,33.8,94.29999999999998,146.5,35.9,54.9,8.8,104.0,60.21666666666667,71.72545454545455,418.5,35.55,213.0,15.95,191.5,190.5,92.2,259.0,40.96666666666667,84.275,36.9,35.475,33.75,57.444444444444436,71.05652173913045,60.65000000000001,70.3,30.1,522.0,19.6,55.7,383.0,254.5,33.4,11.5,161.5,37.445370370370384,85.33863636363638,42.6066037735849,129.57407407407408,96.75,288.5,61.6,223.5,42.85,11.0,98.48571428571428,278.8333333333333,343.5,16.338888888888892,15.9,54.20000000000001,47.25,9.29,20.1,13.25,24.0,12.0625,11.203092783505156,19.083870967741934,15.761363636363635,208.0,2875.0,101.5,11.35,70.91095890410959,86.94285714285715,14.1,76.8,49.35
74.4,8.97,30.0,30.7,14.15,271.0,26.610000000000007,53.45,102.5,179.0,7.63,70.2,24.6,28.7,42.45,107.0,41.18611111111111,13.0,18.05,36.45,182.5,445.0,29.8,20.6,47.75,31.7,24.05,24.1,383.5,22.82619047619048,18.7,51.03157894736842,7.200740740740741,36.25,10.6,13.591666666666667,16.75,58.7,37.3235294117647,31.1,28.55,60.79166666666666,82.5,48.23214285714285,49.96875,28.658510638297876,21.85,95.4,62.20555555555556,14.1,61.0,15.0,35.2,10.3,11.8,22.75,19.399999999999995,224.5,186.0,23.9,9.42,26.276582278481012,8.52,10.0,13.65,18.85,8.18108108108108,17.696875,57.1,116.425,13.933333333333332,49.4,67.42352941176469,18.05,90.2,33.797999999999995,94.32307692307691,145.83333333333334,35.9,55.0,8.8,104.0,60.2,71.7,418.0,35.55,213.0,15.9,191.57142857142856,189.75,92.3,260.0,40.95,83.88709677419354,36.9,35.5,33.8,57.4,71.0,60.62000000000001,70.3,30.03972602739726,522.0,19.608333333333334,55.8,382.0,254.5,33.4,11.5,161.0681818181818,37.36574074074074,85.3,42.6252808988764,129.34615384615384,96.79999999999998,288.5,61.6,223.66666666666663,42.8111111111111,11.0,98.48,278.6,343.1,16.35,15.9,54.1061224489796,47.22291666666666,9.291842105263155,20.064864864864866,13.270212765957446,23.99230769230769,12.1,11.204268292682926,19.07631578947369,15.8,208.5,2875.0,101.5,11.35,70.9,86.91875,14.05,76.3,49.35
74.32,8.969333333333337,30.00526315789474,30.6,14.133333333333333,271.0,26.6,53.5,102.5,179.0,7.62,70.2,24.75,28.725,42.45,107.0,41.137931034482754,13.0,18.05,36.45,182.5,444.75,29.8,20.55,47.75,31.6,24.1,24.1,383.5,22.801666666666666,18.725,51.1,7.250666666666667,36.25,10.6,13.6,16.708333333333332,58.8,37.31818181818181,31.15,28.51578947368421,60.71666666666666,82.58333333333333,48.21,49.74933333333334,28.65,21.85,95.4,62.10625,14.1,61.0,15.0,35.15,10.267500000000002,11.8,22.7,19.4,224.5,186.44444444444446,23.9,9.409411764705883,26.2671875,8.52,9.998142857142858,13.65,18.85,8.17025,17.673880597014925,57.0,116.3,13.9375,49.20000000000001,67.4,18.05,90.20000000000002,33.8,94.225,146.5,35.9,54.9,8.81,104.5,60.29999999999999,71.7,418.5,35.5,212.0,15.85,191.33333333333331,190.5,92.2,259.0,40.96666666666667,84.2,36.91666666666666,35.46250000000001,33.75,57.36603773584905,70.86666666666666,60.60000000000001,70.30000000000001,30.0,524.0,19.6,55.70000000000001,383.0,254.5,33.375,11.5,161.0,37.319047619047616,85.29999999999998,42.64666666666667,129.35416666666666,96.8,288.5,61.6,224.0,42.85,11.010344827586207,98.5,278.2,343.3125,16.338888888888892,15.9,54.13333333333334,47.238888888888894,9.282162162162159,20.0984375,13.25,24.0,12.1,11.203092783505156,19.063333333333333,15.75,208.5,2880.0,101.5,11.35,70.9,86.90400000000002,14.049717514124296,76.22727272727273,49.296428571428564
74.4,8.967101449275365,30.0,30.65,14.15,271.0,26.6,53.45,103.0,178.5,7.62,70.2,24.6,28.700000000000006,42.45,107.0,41.065,13.0,18.05,36.5,182.5,444.5,29.8,20.6,47.75,31.7,24.05,24.05,383.5,22.83857142857143,18.725,51.1,7.226,36.25,10.6,13.6,16.75,58.7,37.4,31.149999999999995,28.48333333333333,60.72000000000001,82.5,48.25,49.68500000000001,28.674,21.892857142857142,95.4,62.2,14.1,60.91470588235293,14.983333333333334,35.2,10.263157894736842,11.8,22.766666666666666,19.384513274336282,224.5,187.0,23.899999999999995,9.42,26.255357142857147,8.51,10.0,13.65,18.85,8.172727272727274,17.680487804878048,57.05,116.08333333333331,13.925,49.4,67.34848484848484,18.05,90.1083333333333,33.797999999999995,94.2,145.5,35.96086956521739,54.86363636363637,8.8,104.5,60.2,71.53999999999998,415.83333333333326,35.55,212.0,15.9,191.0,189.75,92.3,258.0,40.95,84.1,36.95,35.475,33.8,57.15675675675677,70.875,60.5,70.35,30.03972602739726,524.0,19.6,55.74166666666667,382.0,254.5,33.35,11.5,161.0,37.30138888888889,85.3,42.64411764705882,129.66831683168317,96.78,288.375,61.67,223.5,42.8,11.0,98.48333333333332,278.5,343.0,16.3,15.9,54.10000000000001,47.20454545454545,9.288,20.062500000000004,13.2875,24.0,12.107777777777775,11.204054054054053,19.052702702702703,15.75,208.0,2875.0,101.5,11.35,70.9,86.9,14.05,76.3,49.225
74.3,8.971764705882354,30.0,30.633333333333336,14.1,271.125,26.553333333333335,53.25,103.0,178.8,7.62,70.2,24.65,28.633333333333336,42.45,107.0,41.015384615384605,12.95,18.0,36.45,182.5,445.5,29.75,20.575000000000006,47.7,31.6,24.05,24.05,383.5,22.83642857142857,18.733333333333334,51.1,7.2188,36.25,10.6,13.6,16.75,58.8,37.3,31.149999999999995,28.4671875,60.8,82.58333333333333,48.26666666666667,49.694,28.700000000000006,21.85,95.5,62.10645161290322,14.1,60.915000000000006,14.949999999999998,35.15,10.25,11.841911764705882,22.7425,19.35,224.5,187.70833333333331,23.9,9.4025,26.261538461538464,8.52,9.998142857142858,13.65,18.85,8.17,17.7,57.0,116.25,13.933333333333332,49.20000000000001,67.08709677419354,18.0875,90.02181818181818,33.72222222222222,94.225,146.5,36.03846153846154,54.8,8.81,104.5,60.3,71.37222222222223,415.0,35.475,212.0,15.85,191.0,189.5,92.2,259.0,40.95,84.1,36.95,35.46,33.75,57.04666666666667,70.86363636363636,60.4936507936508,70.29999999999998,30.0,524.0,19.6,55.67777777777778,383.0,254.5,33.375,11.5,161.0,37.28333333333333,85.3258064516129,42.64509803921568,130.0,96.8,288.5,61.6,223.75,42.79375,11.0,98.5,278.0,342.5555555555556,16.3,15.9,54.010294117647064,47.194444444444436,9.28,20.057142857142857,13.25,24.0,12.125,11.203092783505156,19.0625,15.75,208.1,2880.0,101.5,11.317741935483873,70.875,86.81111111111109,14.033333333333333,76.16428571428574,49.23333333333333
74.3,8.985,30.014285714285716,30.65,14.15,271.0,26.54545454545455,53.4,102.75,178.5,7.615555555555557,70.2,24.6,28.65,42.45,107.0,41.0,13.0,18.05,36.5,182.35714285714286,444.5,29.8,20.55,47.75,31.7,24.05,24.05,383.75,22.85,18.7,51.1,7.237500000000002,36.25,10.55,13.6,16.75,58.78,37.35,31.164285714285718,28.444444444444446,60.70000000000001,82.5,48.221428571428575,49.686842105263175,28.700000000000006,21.895901639344263,95.4,62.1,14.125,60.93333333333334,14.949999999999998,35.2,10.3,11.79375,22.60333333333333,19.3,224.5,187.78571428571428,23.899999999999995,9.42,26.30458333333333,8.51,10.0,13.65,18.85,8.170000000000002,17.743805309734512,57.0,116.5,13.95,49.4,66.79565217391306,18.06875,89.87142857142857,33.75,94.2,145.5,36.12500000000001,54.8,8.81,104.17857142857143,60.3,71.2421052631579,415.5,35.42,212.0,15.9,190.9333333333333,189.5,92.3,258.0,40.95,84.10799999999998,36.99166666666667,35.45,33.8,57.0,70.88181818181819,60.48,70.38,30.05,524.0,19.6,55.74166666666667,382.0,254.5,33.35227272727273,11.53125,161.0,37.26000000000001,85.39999999999998,42.641666666666666,129.91666666666666,96.76363636363637,288.375,61.6,223.5,42.73,11.0,98.5,278.25,342.9,16.338,15.929411764705879,54.00403225806453,47.15657894736842,9.291458333333333,20.064705882352946,13.2875,23.98333333333333,12.121929824561406,11.155,19.08968253968255,15.766935483870967,208.0,2875.0,101.5,11.35,70.9,86.8375,14.05,76.1,49.19
74.25,8.9875,30.05,30.633333333333336,14.1,271.0,26.53333333333333,53.4,102.5,178.8,7.61,70.2,24.65,28.633333333333336,42.45,107.0,40.9,12.95,18.0,36.45,182.33333333333331,445.5,29.75,20.6,47.75,31.8,24.05,24.05,383.5,22.857142857142858,18.733333333333334,50.97368421052632,7.209999999999999,36.25,10.55,13.550000000000002,16.75,58.8,37.25,31.16875,28.441666666666666,60.8,82.58333333333333,48.20000000000001,49.73235294117647,28.704166666666666,21.962576687116567,95.5,62.1,14.1,60.89166666666667,14.9,35.15,10.3,11.794117647058822,22.575000000000006,19.315957446808515,224.0,187.125,23.9,9.4025,26.274375,8.52,9.998142857142858,13.65,18.9,8.16077519379845,17.825000000000006,56.80689655172414,116.5,13.949999999999998,49.3,66.990625,18.095454545454547,89.59583333333335,33.75714285714286,94.225,146.0,36.2,54.85,8.81,104.14285714285714,60.29999999999999,71.05869565217391,415.0,35.4,212.0,15.85,190.15073529411762,189.5,92.2,259.0,40.98125,84.0,36.99583333333333,35.45,33.75,57.0,70.87142857142858,60.42,70.32499999999999,30.0,524.0,19.6,55.6,380.0,254.5,33.35,11.5,161.0,37.274358974358975,85.32291666666667,42.65,129.6904761904762,96.70769230769231,288.5,61.6,223.5,42.7,10.997938144329895,98.475,278.4166666666667,342.5,16.3,15.95,54.0,47.13749999999999,9.29,20.05277777777778,13.25,24.0,12.125,11.151388888888887,19.05119047619048,15.79189189189189,208.1,2880.0,101.5,11.35,70.9,86.80000000000003,14.05,76.1,49.1
74.2,8.988484848484848,30.0,30.65,14.15,271.0,26.55,53.35,102.75,178.625,7.615555555555557,70.5,24.6,28.65,42.45,107.0,40.9,13.0,18.05,36.5,182.0,444.5,29.75,20.6,47.725,31.7,24.05,24.05,383.75,22.86041666666667,18.7,51.1,7.24,36.25,10.6,13.554545454545455,16.75,58.78,37.3,31.2,28.4075,60.621428571428574,82.5,48.2,49.81428571428571,28.653488372093026,21.99826589595376,95.5,62.02978723404256,14.125,60.9,14.949999999999998,35.2,10.3,11.75,22.55,19.350000000000005,224.5,187.0,23.9,9.41,26.279545454545456,8.524999999999999,10.0,13.65,18.85,8.17,17.87,56.7,116.5,13.95,49.375,67.43157894736842,18.097297297297303,89.67999999999998,33.8,94.2,145.5,36.2,54.7,8.805238095238096,104.0,60.3,70.92040816326531,415.25,35.4,212.0,15.9,189.5,189.5,92.3,258.0,41.0,83.71875,36.95,35.45,33.8,57.0,70.9,60.5,70.375,30.05,524.0,19.63125,55.6,382.0,254.5,33.35227272727273,11.5,161.0,37.25,85.3,42.60096153846154,129.65151515151516,96.78,288.375,61.6,224.0,42.63333333333335,11.0,98.5,278.0833333333333,343.0,16.326470588235296,15.949999999999998,54.0,47.11953125000001,9.29,20.07941176470589,13.2875,24.0,12.102631578947367,11.1975,19.07619047619048,15.782,208.0,2875.0,101.5,11.35,70.8,86.8090909090909,14.05,76.1,49.1
74.18,8.982857142857146,30.0,30.633333333333336,14.104545454545455,271.0,26.531818181818185,53.4,102.875,178.16666666666663,7.61,70.2,24.65,28.633333333333336,42.45,107.0,40.9,12.95,18.05,36.45,182.0,445.5,29.8,20.6,47.7,31.6,24.05,24.05,383.5,22.85,18.7,50.852941176470594,7.235333333333332,36.25,10.55,13.55,16.8,58.8,37.3,31.2,28.4203125,60.56000000000001,82.58333333333333,48.2,49.85,28.649999999999995,22.043220338983048,95.45,62.01129032258064,14.114285714285714,60.9,14.95,35.15,10.3,11.8,22.575000000000006,19.4,224.58333333333331,187.0,23.9,9.4,26.294318181818184,8.51,9.998142857142858,13.65,18.9,8.17,17.86453488372093,56.80689655172414,116.5,13.949999999999998,49.31666666666666,67.0142857142857,18.07457627118644,89.65,33.76428571428571,94.25,146.0,36.2,54.9,8.81,103.92857142857143,60.3,70.94285714285716,415.5,35.4,212.0,15.85,189.8636363636364,189.5,92.2,259.0,40.98125,83.725,36.95,35.5,33.75,57.10000000000001,70.87142857142858,60.5,70.36666666666667,30.025,524.0,19.64,55.6,380.0,254.5,33.323076923076925,11.5,161.16666666666666,37.23333333333333,85.37555555555556,42.671967963386734,129.97222222222223,96.7,288.5,61.6,223.5,42.7,10.95,98.47647058823529,278.0,343.0,16.325000000000006,15.95,53.9390243902439,47.10454545454545,9.29,20.063636363636366,13.25,24.0,12.1,11.187499999999998,19.05,15.775,208.0,2870.0,102.0,11.35,70.9,86.8,14.0,76.1,49.1
74.1,8.98,30.0,30.65,14.1,271.0,26.6,53.3,102.5,178.0,7.615,70.5,24.6,28.65,42.45,107.0,40.90000000000001,12.983333333333334,18.05,36.5,181.96666666666667,444.5,29.7,20.55,47.7,31.6,24.05,24.05,383.75,22.85,18.73125,50.7,7.204055118110236,36.25,10.6,13.555172413793105,16.8,58.7,37.333333333333336,31.173684210526318,28.4075,60.478125,82.6,48.2,49.82187500000001,28.65192307692308,22.043055555555554,95.5,62.04545454545455,14.1,60.89999999999999,14.9,35.15,10.325,11.794303797468356,22.6,19.399019607843137,224.5,187.0,23.9,9.41,26.27692307692308,8.524999999999999,10.0,13.65,18.85,8.17,17.815254237288137,56.7,116.0,13.9,49.2,67.08,18.09484126984127,89.82499999999997,33.8,94.2,145.5,36.2,54.7,8.805238095238096,104.0,60.20000000000001,71.1,415.5,35.45,212.0,15.9,190.0,189.5,91.7,258.0,41.0,83.71875,36.925,35.45,33.75,57.1,70.8111111111111,60.45,70.3,30.022794117647067,523.5833333333334,19.6,55.5,382.0,254.75,33.300000000000004,11.5,160.875,37.24615384615385,85.34210526315789,42.728875968992256,129.86363636363637,96.7,288.1666666666667,61.6,223.66666666666663,42.556666666666665,10.954166666666666,98.48571428571428,277.7916666666667,343.0833333333333,16.3,15.949999999999998,54.0,47.1125,9.295384615384616,20.093939393939394,13.25,23.95,12.1,11.2,19.05333333333333,15.8,208.0,2870.0,101.5,11.35,70.83333333333333,86.8,14.05,76.31428571428572,49.1423076923077
74.11428571428571,8.980000000000002,29.95,30.65,14.1,271.0,26.57727272727273,53.4,102.5,178.16666666666663,7.610000000000001,70.2,24.6,28.65,42.4,107.0,40.88333333333333,13.0,18.0,36.45,181.625,445.5,29.8,20.6,47.65,31.65,24.05,24.004166666666666,383.5,22.85,18.721739130434784,50.852941176470594,7.215454545454546,36.25,10.6,13.55,16.8,58.7,37.3,31.2,28.407142857142855,60.32941176470589,82.58333333333333,48.2,49.88571428571429,28.65454545454545,22.03333333333333,95.4,62.08461538461539,14.1,60.89655172413793,14.9,35.15,10.3,11.7875,22.566666666666666,19.35,224.58333333333331,187.0,23.9,9.4,26.26875,8.51,9.998142857142858,13.65,18.9,8.18,17.83452380952381,56.77499999999999,116.0,13.9,49.25,67.12222222222222,18.1,89.8,33.75,94.2,146.0,36.2,54.7,8.81,103.92857142857143,60.21333333333335,71.19523809523811,416.0,35.45,212.0,15.9,190.09375,189.5,91.7,257.0,40.975,83.64137931034483,36.9,35.45,33.75,57.17142857142858,70.8,60.4,70.2,30.034,524.0,19.6,55.5,380.0,254.5,33.345454545454544,11.5,160.5,37.2,85.3,42.77410926365796,129.5,96.7,288.5,61.6,224.0,42.65,10.961111111111109,98.4913043478261,277.5,342.875,16.322222222222226,15.95,53.976470588235294,47.1,9.285714285714286,20.057142857142857,13.284482758620689,23.95,12.093043478260867,11.2,19.05,15.75263157894737,208.08333333333331,2867.7272727272725,102.0,11.300617283950615,70.9,86.8,14.0,76.11999999999998,49.1
74.1,8.990000000000002,30.0,30.6,14.15,271.0,26.625,53.3,102.5,178.0,7.610000000000001,70.2,24.6,28.65,42.45,107.0,40.861538461538466,12.983333333333334,18.05,36.5,182.0,444.5,29.75,20.550000000000004,47.65,31.6,24.05,24.0,383.5,22.854385964912282,18.73125,50.795238095238076,7.2025000000000015,36.25,10.598,13.5625,16.795238095238098,58.7,37.3,31.2,28.4,60.27567567567567,82.6,48.2,49.971428571428575,28.612745098039213,22.03333333333333,95.43636363636364,62.03529411764707,14.1,60.88333333333333,14.9,35.15,10.3,11.75,22.55,19.3875,224.5,187.0,23.9,9.41,26.26125,8.524999999999999,10.0,13.65,18.9,8.18,17.767692307692307,56.8,116.5,13.905263157894735,49.2,67.0611111111111,18.100000000000005,89.8,33.8,94.2,146.375,36.22727272727273,54.9,8.8,103.5,60.20000000000001,71.23333333333333,415.5,35.45,211.5,15.9,190.0,189.5,91.7,258.0,41.0,83.61428571428571,36.98333333333333,35.45,33.75,57.1,70.89999999999998,60.326829268292684,70.2,30.00659722222223,523.5,19.607142857142858,55.5,382.0,254.5,33.33750000000001,11.5,160.625,37.2,85.34090909090911,42.802822580645156,129.66666666666666,96.7,288.1666666666667,61.60000000000001,224.0,42.603846153846156,10.95,98.48888888888888,277.5,342.57692307692315,16.3,15.9,53.9975,47.1440119760479,9.289259259259259,20.0875,13.25,23.95,12.1,11.15,19.050000000000004,15.75,208.125,2865.0,101.5,11.304950495049505,70.83333333333333,86.70526315789475,14.05,76.31428571428572,49.14
74.10909090909091,8.996923076923078,30.0,30.6,14.1,270.75,26.57727272727273,53.4,102.5,178.33333333333337,7.61,70.2,24.6,28.65,42.4,107.0,40.89,13.0,18.0,36.45,182.0,445.5,29.8,20.6,47.65,31.65,24.09583333333333,24.05,384.0,22.800980392156863,18.721739130434784,50.8,7.198666666666668,36.25,10.62857142857143,13.55,16.772222222222222,58.7,37.325,31.16875,28.407142857142855,60.27391304347826,82.58333333333333,48.2,50.01000000000001,28.6,22.05,95.5,62.10000000000001,14.1,61.0,14.95,35.175,10.3,11.75,22.6,19.4,224.58333333333331,187.0,23.9,9.4,26.25,8.52,10.0,13.65,18.9,8.170625,17.746666666666666,56.7,116.0,13.95,49.275,67.025,18.12,89.9375,33.75,94.2,146.5,36.2,54.7,8.8,103.6,60.3,71.3,416.0,35.425,212.0,15.9,190.0,189.5,91.7,257.0,40.95,83.62380952380951,36.95,35.45,33.775,57.1,70.8,60.4,70.2,30.0,523.0,19.6,55.5,380.0,254.5,33.300000000000004,11.480851063829787,160.6,37.18928571428571,85.3,42.83858024691357,129.875,96.7,288.5,61.591428571428565,224.0,42.7,10.95,98.5,277.56666666666666,342.5,16.337500000000002,15.95,54.0,47.189285714285724,9.28,20.1,13.270689655172415,24.005681818181817,12.1,11.2,19.05,15.786956521739132,208.08333333333331,2865.0,102.0,11.3,70.8,86.8,14.035714285714285,76.2,49.1
74.0,8.990000000000002,30.0,30.7,14.15,270.8333333333333,26.6,53.3,102.5,178.0,7.61,70.2,24.6,28.65,42.45,107.0,40.90909090909091,13.0,18.05,36.5,181.83333333333331,443.5,29.75,20.550000000000004,47.65,31.6,24.1,24.0,383.5,22.8,18.73125,50.84,7.236666666666666,36.25,10.65,13.6,16.795238095238098,58.6,37.3,31.2,28.45,60.25384615384616,82.6,48.21666666666667,50.1,28.56676136363637,22.05,95.43636363636364,62.2320987654321,14.05,60.860465116279066,14.9,35.15,10.3,11.75,22.55,19.4,224.5,187.0,23.85,9.401666666666666,26.23625,8.524999999999999,10.0,13.65,18.9,8.175625,17.772727272727273,56.7,116.0,13.9,49.20000000000001,66.87142857142858,18.15,90.00416666666666,33.775,94.2,146.375,36.22727272727273,54.825,8.81,104.0,60.3,71.36875,417.0,35.5,211.5,15.9,190.0,189.5,91.7,258.0,40.99583333333333,83.56326530612246,37.0,35.475,33.75,57.125,70.9,60.4,70.2,30.0,523.8461538461538,19.60625,55.5,382.0,254.5,33.25,11.5,160.6,37.213157894736845,85.19999999999997,42.82380952380952,130.0,96.725,288.1666666666667,61.473076923076924,224.0,42.67142857142858,10.959615384615383,98.5,277.64285714285717,342.75,16.35,15.9,54.00285714285714,47.2,9.2835,20.047629310344828,13.300000000000002,24.0,12.1,11.2,19.05,15.75,208.125,2865.0,102.0,11.3,70.83333333333333,86.7,14.05,76.31428571428572,49.075
74.0,8.983103448275862,30.0,30.6,14.1,270.75,26.57727272727273,53.3,102.5,178.33333333333337,7.61,70.2,24.6,28.65,42.45,107.0,40.91666666666666,13.0,18.0,36.45,182.0,444.0,29.8,20.6,47.65,31.65,24.12647058823529,24.05,384.0,22.8,18.7,50.8,7.225,36.25,10.62857142857143,13.6,16.805555555555557,58.55,37.325,31.16875,28.407142857142855,60.39999999999999,82.58333333333333,48.2,50.1,28.50549019607843,22.08987341772152,95.5,62.27333333333333,14.1,60.9962962962963,14.95,35.175,10.3,11.75,22.55,19.4,224.58333333333331,187.375,23.9,9.409999999999998,26.200961538461538,8.52,10.0,13.65,18.9,8.17,17.79848484848485,56.7,116.5,13.9,49.275,67.0375,18.1,90.0,33.8,94.2,146.5,36.2,54.7,8.8,104.0,60.22500000000001,71.26666666666667,416.0,35.425,212.0,15.9,189.5,189.5,91.7,257.0,41.0,83.5304347826087,36.95,35.45,33.75,57.1,70.9,60.38846153846154,70.2,30.0,524.0,19.65,55.5,380.0,254.5,33.3,11.5,161.25,37.2,85.2,42.86945337620579,129.5,96.7,288.5,61.4625,224.5,42.6625,10.986363636363638,98.5,277.5,342.6666666666667,16.337500000000002,15.95,54.12307692307692,47.20000000000001,9.29,20.048453608247424,13.25,24.025,12.1,11.2,19.05,15.75,208.0,2865.0,102.0,11.303030303030305,70.8,86.7,14.05,76.2,49.06666666666666
73.96111111111112,8.987222222222222,30.0,30.7,14.15,271.0,26.616666666666664,53.3,102.5,178.0,7.62,70.2,24.6,28.65,42.45,107.0,41.0,13.0,18.0,36.5,182.0,444.0,29.8,20.550000000000004,47.6,31.6,24.1,24.0,383.5,22.8,18.73125,50.79999999999999,7.25,36.25,10.65,13.59,16.75686274509804,58.6,37.322222222222216,31.2,28.475,60.45555555555556,82.6,48.21666666666667,49.97954545454545,28.50555555555556,22.097727272727276,95.43636363636364,62.315,14.05,60.98,14.9,35.15833333333333,10.3,11.75,22.5875,19.35967741935484,224.5,187.66666666666663,23.85,9.401666666666666,26.2,8.524999999999999,10.0,13.65,18.9,8.17,17.795,56.7,116.5,13.9,49.20000000000001,67.085,18.101666666666674,90.0,33.775,94.2,146.6,36.22727272727273,54.825,8.81,104.00862068965515,60.3,71.29259259259258,419.0,35.45,211.5,15.9,189.5,189.5,91.7,258.0,40.99791666666667,83.53999999999998,37.1,35.45,33.75,57.1,70.9,60.4,70.2,30.0,525.0,19.65,55.4,382.0,254.0,33.25,11.5,161.0,37.20588235294118,85.1,42.91284210526316,129.63636363636363,96.725,288.1666666666667,61.4,224.0,42.72857142857144,10.949999999999998,98.5,277.2,342.75,16.35,15.9,54.2,47.2375,9.29,20.05,13.296428571428573,24.05,12.15,11.199999999999998,19.051063829787235,15.797142857142855,208.5,2866.666666666666,101.5,11.33695652173913,70.83333333333333,86.7,14.014285714285714,76.31428571428572,49.05
74.15454545454544,8.98,30.0,30.6,14.1,271.0,26.67857142857143,53.3,102.5,178.33333333333337,7.61,70.2,24.6,28.65,42.45,107.0,41.01428571428572,13.0,18.0,36.45,181.5,444.0,29.8,20.6,47.60909090909092,31.600000000000005,24.12647058823529,24.0,384.0,22.826829268292684,18.72,50.8,7.25,36.3,10.653921568627453,13.6,16.826315789473686,58.5,37.25,31.2,28.445652173913047,60.4875,82.5,48.297619047619044,49.85,28.528125000000006,22.077777777777772,95.5,62.3125,14.1,61.09285714285714,14.95,35.175,10.252272727272727,11.75,22.55,19.35,224.58333333333331,187.375,23.9,9.408333333333333,26.220588235294123,8.52,10.0,13.650000000000002,18.9,8.160807174887893,17.8,56.8,116.5,13.9,49.35,67.085,18.1,90.19565217391305,33.76176470588236,94.3,146.5,36.2,54.79999999999999,8.81,104.5,60.22500000000001,71.34444444444446,416.0,35.425,212.0,15.9,189.5,189.5,91.7,257.0,41.1,83.4952380952381,37.08571428571429,35.45,33.75,57.1,70.9,60.4,70.2,30.0,525.8358208955224,19.644444444444442,55.42,380.0,254.5,33.325,11.490425531914893,161.0,37.20769230769231,85.07289719626169,42.86278825995807,130.0,96.7,288.75,61.4,224.5,42.77500000000001,10.98913043478261,98.47142857142859,277.5,342.6666666666667,16.35,15.9,54.2,47.25,9.29,20.04615384615385,13.25,24.025,12.1,11.2,19.0625,15.8,208.0,2865.0,102.0,11.334375,70.8,86.7894736842105,14.05,76.28,49.05
74.36666666666667,8.986666666666668,30.0,30.7,14.15,271.25,26.616666666666664,53.3,102.5,178.5,7.62,70.2,24.7,28.65,42.45,107.5,41.0,13.0,18.0,36.5,181.5,444.0,29.8,20.55,47.505172413793105,31.6,24.1,24.0,383.5,22.81835443037975,18.7,50.79999999999999,7.24,36.3,10.65,13.6,16.75,58.5,37.3,31.2,28.5,60.7,82.6,48.3,49.85,28.608620689655176,22.075000000000006,95.5,62.422222222222224,14.05,61.08333333333334,14.95,35.15833333333333,10.3,11.8,22.5875,19.355,225.0,187.92857142857144,23.85,9.401666666666666,26.20701754385965,8.53,10.0,13.65,18.9,8.16,17.8,56.85,116.5,13.9,49.20000000000001,67.125,18.1,90.3625,33.8,94.3,146.6,36.22727272727273,54.8,8.81,104.14285714285714,60.30769230769231,71.4,417.0,35.45,211.5,15.9,189.5,189.5,91.7,258.0,41.2,83.64666666666669,37.05,35.45,33.75,57.1,70.9,60.5,70.2,30.0,526.9130434782609,19.65,55.4,380.0,254.0,33.25,11.5,161.0,37.24333333333335,85.04444444444445,42.82434782608696,129.60317460317458,96.725,288.1666666666667,61.33333333333334,224.0,42.79375,11.0,98.5,277.76923076923083,342.9444444444445,16.35,15.9,54.2,47.265384615384605,9.29,20.05,13.25,24.05,12.15,11.2,19.05,15.76904761904762,208.5,2866.666666666666,101.75,11.35,70.83333333333333,86.79999999999998,14.05,76.5,49.06666666666666
74.29666666666667,8.98,30.0,30.65,14.1,271.1666666666667,26.70833333333333,53.35,103.0,179.0,7.61,70.2,24.65,28.65,42.45,107.0,41.12121212121213,13.0,18.05,36.45,181.3947368421053,444.0,29.8,20.5,47.60909090909092,31.75,24.12647058823529,24.025,384.0,22.85,18.72,50.8,7.24,36.3,10.699999999999998,13.566666666666668,16.75344827586207,58.5,37.3,31.2,28.445652173913047,60.70000000000001,82.5,48.3,49.78292682926829,28.57045454545454,22.07857142857143,95.5,62.5,14.1,61.0,14.9,35.175,10.2875,11.75,22.557142857142853,19.4,224.58333333333331,188.25,23.9,9.41,26.24523809523809,8.528333333333334,10.0,13.650000000000002,18.9,8.16,17.861250000000005,56.8,116.66666666666669,13.9,49.15,67.05833333333332,18.0875,90.54615384615386,33.76176470588236,94.48448275862069,147.0,36.2,54.9,8.819807692307693,104.0,60.3375,71.5,416.0,35.425,211.25,15.9,189.5,189.5,91.7,257.0,41.2,83.775,37.05,35.5,33.75,57.15000000000001,70.9,60.5,70.2,30.050000000000004,527.7777777777778,19.644444444444442,55.42,380.0,254.5,33.3,11.5,161.25,37.24444444444444,85.02727272727272,42.75595238095238,129.5,96.8,288.5,61.4,223.91666666666663,42.78000000000001,11.0,98.5,277.5,342.9444444444445,16.35,15.9,54.14,47.26875,9.3,20.04615384615385,13.3,24.025,12.1,11.2,19.050000000000004,15.800000000000002,208.0,2865.0,101.5,11.333333333333336,70.8,86.80833333333334,14.046153846153846,76.6,49.06999999999999
74.25,8.988285714285713,30.05,30.7,14.15,271.04545454545456,26.788461538461537,53.4,102.5,178.75,7.62,70.2,24.7,28.65,42.45,107.5,41.05,13.0,18.0,36.5,181.3076923076923,444.0,29.8,20.55,47.5,31.6,24.1,24.0,383.5,22.81875,18.71818181818182,50.9,7.2344444444444465,36.3,10.699999999999998,13.6,16.75,58.5,37.4,31.2,28.5,60.73846153846154,82.6,48.325,49.78333333333333,28.637096774193548,22.1,95.5,62.5,14.05,61.08695652173913,14.95,35.175,10.3,11.8,22.55,19.386764705882356,225.0,188.92857142857144,23.9,9.41,26.25,8.53,10.0,13.65,18.9,8.15567901234568,17.93141592920354,56.85,117.0,13.95,49.20000000000001,67.06666666666666,18.09655172413793,90.68571428571428,33.75,94.8,146.6,36.2,54.71250000000001,8.81,104.03125,60.4,71.44999999999997,417.0,35.45,211.5,15.9,189.65625,189.5,91.7,258.0,41.25,84.0,37.05,35.45,33.75,57.1,70.9,60.5,70.2,30.05,528.0,19.600000000000005,55.4,379.0,254.0,33.31153846153846,11.5,161.0,37.208333333333336,85.09230769230768,42.706302521008396,129.5,96.8,288.5,61.33333333333334,224.5,42.85,10.96,98.49411764705884,277.5,342.8333333333333,16.35,15.9,54.20000000000001,47.3,9.29,20.02857142857143,13.25,24.05,12.15,11.2,19.05,15.8,208.5,2866.666666666666,101.75,11.304407294832828,70.83333333333333,86.9,14.048611111111109,76.5,49.1
74.29666666666667,8.98,30.0,30.6,14.1,270.75,26.739285714285717,53.35,102.58333333333331,179.2,7.61,70.2,24.6,28.65,42.45,107.5,41.07,13.0,18.059090909090916,36.45,181.11538461538458,444.0,29.8,20.55,47.51000000000001,31.75,24.12647058823529,24.018181818181816,383.75,22.80353260869565,18.7,50.8,7.248181818181819,36.3,10.7,13.55,16.75344827586207,58.5,37.45,31.149999999999995,28.445652173913047,60.8,82.5,48.3,49.8,28.649999999999995,22.113888888888887,95.5,62.5,14.083333333333336,61.0,14.9,35.15,10.3,11.75,22.557142857142853,19.4,225.0,189.15,23.9,9.41,26.25,8.528333333333334,10.0,13.65,18.9,8.163023255813954,17.929207920792074,56.9,117.0,13.9,49.3,67.01111111111112,18.076923076923077,90.65806451612906,33.76176470588236,94.90000000000002,147.0,36.2,54.9,8.83,104.0,60.5,71.38333333333334,416.0,35.425,211.0,15.9,189.5,189.5,91.7,257.0,41.3,84.0,37.05,35.5,33.75,57.2,70.9,60.5,70.2,30.01630434782609,528.1428571428571,19.60625,55.5047619047619,378.5,253.5,33.3,11.5,161.0,37.22857142857144,85.04,42.68076923076923,129.9,96.8,288.75,61.4,224.5,42.79999999999999,11.0,98.5,277.8181818181818,343.0625,16.35,15.9,54.11315789473685,47.275,9.294166666666667,20.05,13.275,24.04,12.1,11.2075,19.05,15.8,208.45833333333331,2865.0,101.5,11.332558139534884,70.8,86.80833333333334,14.050000000000002,76.5,49.09285714285714
74.21666666666667,8.99,30.05,30.7,14.154545454545454,271.04545454545456,26.71,53.4,103.0,178.75,7.62,70.3,24.7,28.649999999999995,42.45,107.5,41.16,13.0,18.0,36.5,181.5,444.0,29.8,20.55,47.51666666666667,31.75,24.15,24.0,383.5,22.800000000000004,18.75,50.8,7.24,36.325,10.7,13.6,16.8,58.5,37.427777777777784,31.2,28.5,60.71,82.6,48.25,49.77083333333334,28.7,22.1,95.5,62.46,14.05,61.1,14.95,35.175,10.3,11.775,22.6,19.35,225.0,189.67857142857144,23.9,9.41,26.25,8.53,10.0,13.65,18.9,8.16,18.013068181818184,56.85,117.0,13.95,49.3,67.03333333333333,18.075000000000006,90.6074074074074,33.75,94.9,147.0,36.084375,54.9,8.83,104.03125,60.5,71.4,417.0,35.45,211.5,15.9,189.5,189.5,91.7,258.0,41.25,84.1095238095238,37.1,35.45,33.75,57.18333333333334,70.9,60.527272727272724,70.29375,30.05869565217392,528.0,19.65,55.6,379.0,254.0,33.31153846153846,11.55,161.0,37.23333333333333,85.07321428571429,42.675,129.5,96.75,288.5,61.4,224.5,42.8,10.985,98.47777777777776,278.0,343.2,16.35,15.941666666666668,53.983850931677026,47.296428571428564,9.3,20.05,13.3,24.025,12.1375,11.230769230769232,19.06086956521739,15.8,208.5,2870.0,101.75,11.348762376237627,70.83333333333333,86.9,14.011764705882356,76.5,49.11666666666667
74.29666666666667,8.981428571428571,30.05,30.6,14.1,271.0,26.75,53.35,102.58333333333331,179.5,7.61,70.3,24.6,28.65,42.45,107.5,41.17857142857143,13.0,18.059090909090916,36.35,181.5,444.0,29.8,20.55,47.55,31.75,24.2,24.02,383.75,22.80859375,18.7,50.8,7.233030303030303,36.3,10.716666666666663,13.55,16.8,58.5,37.45,31.2,28.445652173913047,60.56399999999999,82.5,48.275,49.79999999999999,28.70555555555556,22.1,95.5,62.49137931034482,14.083333333333336,61.026666666666664,14.95,35.15,10.3,11.75,22.557142857142853,19.4,224.5,190.04166666666663,23.9,9.41,26.28055555555556,8.528333333333334,10.004633204633203,13.65,18.9,8.16,18.110818713450293,56.9,117.01111111111109,13.95,49.3,66.98888888888891,18.1,90.59199999999998,33.76176470588236,94.90000000000002,147.0,36.1,54.9,8.83,104.0,60.5,71.4,416.0,35.45,211.0,15.9,189.5,190.0,91.7,257.0,41.3,84.20000000000002,37.1,35.45,33.75,57.20000000000001,70.9,60.5,70.3875,30.05,527.8888888888888,19.616666666666667,55.6,378.5,253.5,33.35,11.55,161.0,37.25,85.00819672131148,42.69671052631579,129.66666666666666,96.7,288.75,61.4,224.5,42.79999999999999,10.977272727272727,98.5,278.0,343.5,16.35,15.9,54.0,47.27272727272727,9.3,20.05,13.349999999999998,24.04,12.1,11.205,19.05,15.8,208.5,2865.0,102.0,11.33695652173913,70.85,86.9,14.0,76.5,49.12857142857143
74.3,8.99,30.05,30.7,14.154545454545454,271.0,26.71,53.4,103.0,178.75,7.61,70.3,24.675,28.649999999999995,42.45,107.5,41.1925,13.05,18.1,36.5,181.5,444.0,29.8,20.55,47.55,31.75,24.15,24.014285714285712,383.5,22.80208333333333,18.741666666666667,50.8,7.234074074074074,36.325,10.722222222222221,13.6,16.8,58.5,37.45,31.149999999999995,28.474074074074068,60.5,82.6,48.29666666666666,49.83571428571428,28.75,22.1,95.59999999999998,62.48,14.05,61.10000000000001,14.95,35.175,10.3,11.75,22.59545454545455,19.4,224.5,190.5769230769231,23.9,9.41,26.327642276422768,8.53,10.05,13.65,18.9,8.162537313432837,18.19404388714733,56.9,117.0,13.949999999999998,49.34047619047621,66.96666666666667,18.1,90.6,33.75,94.875,147.0,36.084375,54.9,8.83,104.5,60.5,71.41333333333334,417.0,35.45,210.5,15.9,189.5,190.0,91.9,258.0,41.25,84.32631578947368,37.07692307692308,35.5,33.8,57.188888888888904,70.9,60.7,70.49333333333334,30.05869565217392,527.9285714285714,19.641666666666666,55.6923076923077,379.0,254.0,33.375,11.55,161.0,37.25,85.0528735632184,42.75,129.9,96.7,288.5,61.4,224.5,42.8,11.0,98.4985576923077,278.125,343.5,16.325000000000006,15.949999999999998,54.12727272727273,47.296428571428564,9.3,20.03333333333333,13.35,24.05,12.1,11.216666666666667,19.05,15.800000000000002,208.33333333333331,2870.0,101.5,11.35,70.9,86.9,14.015,76.5,49.15
74.29666666666667,8.991333333333333,30.05,30.75,14.1,271.0,26.75,53.35,103.0,179.5,7.61,70.3,24.6,28.65,42.45,107.5,41.20588235294118,13.0,18.05,36.35,181.75,444.0,29.8,20.55,47.55,31.75,24.2,24.05,383.5,22.81142857142857,18.71176470588236,50.79999999999999,7.25,36.35,10.75,13.55,16.75,58.5,37.5,31.2,28.432352941176468,60.525,82.5,48.275,49.92999999999999,28.792857142857148,22.1,95.63333333333333,62.530769230769245,14.1,61.00833333333333,14.95,35.15,10.3,11.75,22.58333333333333,19.4,224.5,190.07142857142856,23.91,9.41,26.314516129032263,8.528333333333334,10.05,13.65,18.9,8.17,18.172727272727272,56.9,117.45833333333331,13.95,49.3,66.86666666666667,18.1,90.58260869565216,33.760000000000005,94.9,147.0,36.1,54.95,8.84,104.6642335766423,60.5,71.42857142857143,416.0,35.45,211.0,15.9,190.0,190.0,91.7,257.0,41.3,84.41666666666667,37.09333333333333,35.45,33.75,57.18333333333334,70.9,60.5,70.53333333333333,30.06875,527.875,19.633333333333333,55.6,378.5,253.5,33.4,11.5,161.0,37.25051546391753,85.09607843137255,42.732142857142854,129.83333333333334,96.79230769230769,288.8333333333333,61.4,224.5,42.79999999999999,11.004646017699118,98.5,278.1,343.5,16.344444444444445,15.9,54.2,47.25,9.3,20.03333333333333,13.35,24.05,12.1,11.2,19.05,15.8,208.75,2865.0,102.0,11.38623188405797,70.85,86.9,14.05,76.5,49.1
74.34375000000001,8.99,30.05,30.7,14.154545454545454,271.0,26.70769230769231,53.4,103.0,179.5,7.61,70.3,24.566666666666666,28.65,42.5,107.5,41.25,13.05,18.1,36.4,182.0,444.0,29.8,20.55,47.55,31.8,24.15,24.0,383.5,22.8,18.749180327868853,50.7,7.247142857142857,36.325,10.75,13.55,16.8,58.5,37.5,31.1625,28.474074074074068,60.522222222222226,82.6,48.29666666666666,50.1,28.79642857142857,22.14268292682927,95.7,62.6,14.05,61.1,14.95,35.175,10.3,11.75,22.59375,19.38732394366197,224.5,190.0,23.9,9.41,26.3,8.53,10.05,13.65,18.9,8.17,18.14753086419753,56.9,117.375,13.95,49.34047619047621,66.93333333333334,18.1,90.55,33.8,95.0,147.0,36.01470588235294,54.8,8.8325,105.0,60.414285714285704,71.4,417.0,35.45,210.5,15.9,190.0,190.0,91.9,258.0,41.3,84.44000000000003,37.09864864864865,35.5,33.75,57.15000000000001,70.9,60.6,70.6,30.05,527.75,19.65,55.6923076923077,379.0,254.0,33.4,11.55,161.0,37.28809523809524,85.04842105263155,42.725,129.92857142857142,96.88666666666668,288.5,61.5,224.5,42.8,11.007894736842106,98.5,278.5,344.0,16.31666666666667,15.949999999999998,54.2,47.26590909090908,9.298834355828225,20.0125,13.35,24.0,12.1,11.2,19.05,15.757894736842106,208.33333333333331,2870.0,101.5,11.4,70.83333333333333,86.95,14.0,76.5,49.15
74.38333333333334,9.0,30.100000000000005,30.75,14.1,270.625,26.7,53.35,103.0,179.125,7.61,70.3,24.5,28.65,42.5,108.0,41.226190476190474,13.0,18.05,36.35,182.0,444.5,29.8,20.55,47.55,31.75,24.170588235294122,24.05,383.5,22.85,18.8,50.75,7.25,36.35,10.75,13.55,16.8,58.5,37.675,31.175,28.432352941176468,60.525,82.4,48.4,50.1,28.799999999999994,22.1125,95.63333333333333,62.6,14.1,61.07500000000001,14.900000000000002,35.15,10.3,11.758333333333333,22.55,19.4,224.5,190.0,23.9,9.41,26.31,8.53,10.05,13.650000000000002,18.9,8.16,18.11525423728813,56.7,117.5,13.95,49.3,66.86666666666667,18.146153846153847,90.5,33.800000000000004,95.0,147.0,36.0,54.9125,8.83,104.94186046511628,60.5,71.42500000000003,416.0,35.45,210.5,15.9,190.5,190.0,91.7,257.0,41.3,84.45294117647059,37.11,35.475,33.75,57.18333333333334,71.0,60.7,70.5,30.05,528.0,19.65,55.6,378.5,253.25,33.4,11.5,161.1,37.266666666666666,85.09677419354837,42.738461538461536,129.5,96.84285714285716,288.8333333333333,61.4,224.0,42.833333333333336,11.004646017699118,98.5,278.5,344.0217391304348,16.333333333333332,15.9,54.2,47.27708333333334,9.3,20.05,13.349082568807336,24.0,12.15,11.236363636363638,19.05,15.800000000000002,208.75,2880.0,102.0,11.3875,70.85,86.9,14.0375,76.6,49.102941176470594
74.5,8.99,30.15,30.7,14.2,271.0,26.65,53.4,103.0,179.5,7.615,70.3,24.566666666666666,28.65,42.5,108.0,41.285294117647055,13.05,18.1,36.4,182.0,444.0,29.8,20.55,47.54999999999999,31.8,24.15,24.0,383.5,22.9,18.749180327868853,50.79999999999999,7.25,36.3,10.75,13.55,16.8,58.5,37.75,31.2,28.4,60.65625,82.6,48.46666666666667,50.1,28.8,22.14268292682927,95.8,62.5919540229885,14.125,61.06774193548386,14.900000000000002,35.175,10.3,11.75,22.55,19.35,224.5,190.0,23.9,9.415,26.34500000000001,8.53,10.0,13.65,18.9,8.17,18.074444444444445,57.0,117.5,13.904545454545454,49.45,67.0,18.138461538461534,90.5,33.80833333333333,95.0,147.0,35.95,54.9,8.81,105.0,60.5,71.475,418.0,35.45,211.5,15.9,191.0,190.0,91.9,258.0,41.35,84.5,37.15,35.5,33.75,57.2,71.0,60.7,70.5,30.05,527.8333333333334,19.65,55.6923076923077,379.0,253.0,33.4,11.5,161.0,37.29375,85.10307167235494,42.74444444444444,129.9,96.89090909090908,288.53125,61.5,224.5,42.8,11.036538461538463,98.49583333333334,278.3181818181818,344.25,16.33085106382979,15.9,54.2,47.29999999999999,9.3,20.0375,13.346551724137932,24.0,12.1,11.2,19.063157894736843,15.8,209.0,2877.5,102.0,11.359016393442626,70.83333333333333,87.0,14.0,76.6,49.15
74.42500000000003,9.0,30.100000000000005,30.75,14.1,270.625,26.7,53.5,103.0,179.125,7.61,70.3,24.5,28.65,42.5,108.0,41.373469387755094,13.0,18.1,36.35,182.0,444.75,29.8,20.55,47.5,31.79,24.170588235294122,24.0,383.2,22.9,18.775,50.75,7.25,36.35,10.75,13.55,16.800000000000004,58.5,37.766666666666666,31.175,28.5,60.725,82.4,48.5,50.1,28.825,22.1375,96.0,62.72142857142857,14.15,61.15,14.922222222222226,35.15,10.3,11.758333333333333,22.55,19.4,224.5,189.5,23.9,9.41,26.35,8.537142857142856,10.006896551724141,13.65,18.9,8.16,18.1,56.7,117.5,13.95,49.411111111111104,67.0,18.1,90.65849056603771,33.75,94.9,147.0,36.0,54.89999999999999,8.83,105.0,60.5,71.5,417.83333333333326,35.45,210.5,15.9,191.0,190.0,91.7,257.0,41.32142857142857,84.5,37.2,35.5,33.75,57.2,71.0,60.7,70.5,30.05,528.5,19.65,55.6,378.5,252.5,33.4,11.5,161.02941176470586,37.3079365079365,85.24864864864864,42.74705882352941,129.75,96.99166666666667,288.8333333333333,61.4,224.5,42.833333333333336,11.05,98.5,278.462962962963,344.5,16.35,15.900000000000002,54.27499999999999,47.28,9.3,20.05,13.339473684210525,24.0,12.15,11.2,19.05,15.8,209.0,2885.0,102.0,11.355405405405405,70.9,86.97999999999998,14.0375,76.5,49.15
74.4,9.00263157894737,30.2,30.7,14.2,271.2,26.65,53.4,103.0,180.0,7.61,70.3,24.5,28.65,42.5,108.0,41.4,13.05,18.05,36.4,182.0,444.0,29.8,20.55,47.54999999999999,31.8,24.15,24.0,383.0,22.88125,18.8,50.81428571428571,7.2574999999999985,36.333333333333336,10.75,13.55,16.760975609756102,58.5,37.74333333333333,31.191666666666666,28.55,60.8,82.6,48.5,50.1,28.85,22.1,96.1,62.72916666666666,14.125,61.1,14.95,35.175,10.35,11.75,22.55,19.38469387755102,224.5,190.0,23.9,9.415,26.35,8.54,10.0,13.65,18.9,8.16,18.09264705882353,57.0,117.5,13.95,49.45,66.86842105263158,18.15,90.80526315789473,33.80833333333333,94.90833333333336,147.5,35.844594594594604,55.0,8.81,105.0721649484536,60.41538461538461,71.5,418.0,35.45,211.5,15.9,191.125,190.0,91.9,258.0,41.4,84.60689655172413,37.246875,35.45,33.7,57.2625,70.96875,60.7,70.5,30.05,528.2727272727273,19.65,55.6,379.0,252.5,33.4,11.5,161.0,37.3468085106383,85.33870967741936,42.75,129.625,97.0,288.53125,61.5,224.5,42.8,11.0,98.47142857142856,278.5,344.75,16.35,15.9,54.29999999999999,47.3,9.3,20.05,13.346551724137932,24.0,12.15,11.2,19.067857142857143,15.800000000000002,209.0,2885.0,102.0,11.359016393442626,70.9,87.0,14.0,76.6,49.14333333333333
74.42500000000003,9.01909090909091,30.100000000000005,30.7,14.1,271.25,26.7,53.5,103.0,179.125,7.61,70.3,24.5,28.65,42.5,108.0,41.39999999999999,13.0,18.05,36.35,182.5,444.75,29.8,20.55,47.55,31.79,24.2,24.0,383.0,22.9,18.7625,50.9,7.259999999999999,36.35,10.719117647058825,13.55,16.8,58.5,37.7,31.2,28.55,60.76666666666666,82.4,48.5,50.2,28.850000000000005,22.093478260869563,96.3,62.819047619047616,14.15,61.17058823529413,14.951785714285714,35.15,10.35,11.75,22.6,19.387500000000006,224.5,189.5,23.9,9.41,26.33214285714286,8.54,10.0,13.65,18.9,8.17,18.06153846153846,56.95,117.5,13.95,49.5,66.8,18.1,90.97340425531915,33.75,94.9,147.5,35.90499999999999,55.0,8.82,105.0,60.42857142857143,71.5,417.83333333333326,35.45,210.5,15.9,191.5,190.0,91.7,257.0,41.4,84.8,37.246875,35.45,33.70625,57.26666666666665,71.1,60.70000000000001,70.5,30.02222222222223,528.7333333333332,19.65,55.6,380.0,252.5,33.44375,11.5,161.0,37.38333333333333,85.39705882352942,42.75,129.5,97.05555555555556,288.8333333333333,61.4,224.5,42.85,11.05,98.475,278.96875,345.0,16.35,15.900000000000002,54.20000000000001,47.3,9.3,20.05,13.339473684210525,24.0,12.12,11.203125,19.05,15.8,208.5,2882.5,102.0,11.35,70.90869565217392,86.96666666666665,14.05,76.5,49.215
74.4,9.03,30.15,30.7,14.2,271.1,26.7,53.5,103.0,179.5,7.61,70.3,24.5,28.7,42.5,108.0,41.405813953488384,13.0,18.05,36.4,182.5,444.0,29.8,20.55,47.53333333333333,31.75,24.15,24.05,383.0,22.897663551401873,18.789285714285715,51.0,7.26,36.3,10.7,13.599999999999998,16.838461538461534,58.5,37.75,31.2,28.55,60.727027027027034,82.38333333333334,48.55,50.3,28.85,22.05,96.3,62.87288135593221,14.125,61.13404255319149,14.95,35.2,10.35,11.75,22.55,19.4,224.5,189.5,23.9,9.41,26.35,8.54,10.0,13.65,18.9,8.17,18.1,57.1,117.5,13.95,49.45,67.0,18.15,91.0390625,33.80833333333333,94.93333333333334,147.5,35.9,55.0,8.83,105.84834123222748,60.41538461538461,71.5,418.5,35.45,211.5,15.9,191.5,190.0,91.9,258.0,41.4,84.97441860465115,37.29642857142857,35.45,33.705555555555556,57.2,71.1,60.7,70.5,30.0,528.0,19.65,55.7,379.0,252.0,33.4,11.5,161.0,37.35,85.37222222222222,42.75,129.94444444444446,97.1,288.53125,61.4,224.5,42.85,11.0,98.5,279.0,345.9074074074074,16.4,15.9,54.14000000000001,47.32272727272727,9.3,20.05,13.346551724137932,24.0,12.11,11.2,19.053125,15.7984375,208.75,2885.0,102.0,11.377272727272727,70.9,87.0,14.05,76.6,49.23571428571428
74.4,9.02,30.100000000000005,30.7,14.199999999999998,271.3636363636364,26.65,53.3,103.0,179.0,7.61,70.3,24.5,28.65,42.5,108.0,41.42875,13.0,18.1,36.4,182.5,444.75,29.8,20.55,47.55,31.7,24.149999999999995,24.05,383.0,22.921052631578952,18.800000000000004,51.1,7.251162790697673,36.35,10.75,13.6,16.806250000000002,58.5,37.8,31.2,28.55,60.70000000000001,82.4,48.55,50.4,28.89705882352941,22.100000000000005,96.3,62.9,14.15,61.13333333333333,14.951785714285714,35.2,10.35,11.75,22.6,19.4,224.5,189.5,23.9,9.4,26.35,8.54,10.0,13.65,18.9,8.17,18.14864864864865,57.1,117.5,13.95,49.5,67.0,18.15,91.15789473684212,33.8,95.0,147.5,35.90499999999999,55.0,8.83,105.5,60.42857142857143,71.5,417.83333333333326,35.4,211.5,15.9,191.5,190.0,91.7,257.0,41.4,85.253125,37.279166666666654,35.5,33.7,57.3,71.1,60.7,70.5,30.0,528.0,19.647126436781605,55.7,380.0,252.0,33.45,11.550000000000002,161.0,37.35000000000001,85.38000000000002,42.74230769230768,129.86666666666667,97.17272727272729,288.8333333333333,61.4,224.5,42.85,11.029166666666667,98.5,279.42857142857144,345.8714285714285,16.35,15.900000000000002,54.15833333333333,47.35197368421053,9.3,19.986516853932578,13.35,24.04,12.12,11.25,19.05454545454545,15.800000000000002,208.5,2882.5,102.0,11.35,70.90869565217392,87.0,14.05,76.5,49.25
74.4,9.03,30.15,30.7,14.205000000000002,271.0,26.66666666666667,53.5,103.0,179.5,7.61,70.3,24.55,28.7,42.55,108.0,41.406666666666666,13.0,18.05,36.4,182.5,444.0,29.85,20.55,47.6,31.75,24.15,24.05,383.0,22.957142857142852,18.8,51.0,7.25,36.3,10.7,13.6,16.8,58.51818181818182,37.75,31.152380952380952,28.53709677419355,60.805555555555564,82.38333333333334,48.55,50.4,28.899999999999995,22.115,96.3,62.89746835443037,14.125,61.188888888888904,14.95,35.2,10.35,11.75,22.55,19.40128205128205,224.5,189.5,23.9,9.41,26.3,8.54,10.0,13.65,18.9,8.17,18.109375,57.1,117.5,13.95,49.45,67.08571428571427,18.15,91.03636363636365,33.80833333333333,95.0,147.5,36.0,55.0,8.83,105.5,60.45,71.5,418.5,35.4,211.5,15.95,191.5,190.0,92.13333333333333,258.0,41.4,85.42318840579709,37.29375,35.45,33.7,57.38,71.1,60.7,70.5,30.0,526.7333333333332,19.65,55.7,379.0,253.5,33.4,11.55,161.0,37.35476190476191,85.39904761904762,42.72500000000001,129.625,97.2,288.53125,61.4,225.0,42.8625,11.0,98.5,279.3809523809524,345.5,16.4,15.9,54.16666666666666,47.38636363636363,9.300000000000002,19.98702290076336,13.341666666666667,24.04594594594595,12.15,11.24,19.05,15.8,208.75,2885.0,102.0,11.35,71.0,87.1,14.05,76.5,49.23
74.4,9.04,30.100000000000005,30.7,14.199999999999998,271.5,26.7,53.3,103.0,180.0,7.618333333333332,70.3,24.5,28.65,42.55,108.0,41.40000000000001,13.0,18.1,36.4,182.5,442.83333333333326,29.8,20.55,47.55,31.7,24.149999999999995,24.05,383.0,22.95,18.81,51.1,7.2544680851063825,36.35,10.75,13.6,16.846875,58.46,37.8,31.2,28.550000000000004,60.8,82.3,48.55,50.425,28.89565217391304,22.100000000000005,96.06666666666666,62.87777777777778,14.1,61.2,14.95,35.25,10.3,11.75,22.55,19.45,224.5,189.5,23.9,9.408666666666667,26.303030303030308,8.54,10.0,13.65,18.9,8.17,18.15,57.1,117.5,13.949999999999998,49.5,67.1875,18.15,90.97692307692309,33.8,95.1,147.5,36.0625,55.0,8.82,105.31081081081079,60.42857142857143,71.48888888888888,417.83333333333326,35.4,211.5,15.9,191.16666666666663,190.0,91.7,257.0,41.35,85.57058823529412,37.25555555555556,35.5,33.71818181818182,57.375,71.15,60.7,70.6,30.0,526.5,19.65392156862745,55.7,380.0,251.5,33.4,11.55,161.0,37.31034482758621,85.38000000000002,42.75,129.5,97.2,288.8333333333333,61.5,224.5,42.912000000000006,11.05,98.5,279.3421052631579,345.61111111111114,16.35,15.900000000000002,54.2,47.35000000000001,9.3,19.98,13.347058823529412,24.05,12.1,11.202173913043477,19.05,15.839285714285715,209.0,2880.0,102.0,11.346551724137932,70.90869565217392,87.01666666666668,14.01875,76.5,49.25
74.4,9.04,30.15,30.66666666666667,14.2,271.5,26.7,53.3,103.5,180.08333333333337,7.61,70.3,24.55,28.7,42.5,107.5,41.40000000000001,13.0,18.05,36.4,182.5,445.0,29.85,20.55,47.6,31.675,24.15,24.05,383.0,22.945967741935483,18.8,51.1,7.257872340425532,36.3,10.75,13.6,16.8,58.51818181818182,37.797826086956526,31.152380952380952,28.55,60.81818181818182,82.1,48.55,50.55217391304348,28.85416666666667,22.106250000000006,96.225,62.81846153846154,14.125,61.05,15.0,35.25,10.3,11.75,22.550000000000004,19.45,224.5,189.5,23.9,9.411428571428573,26.328125,8.54,10.0,13.65,18.95,8.17,18.116666666666664,57.1,117.5,13.95,49.45,67.28333333333333,18.13125,91.0,33.8,95.11428571428571,147.5,36.05,55.0,8.83,105.5,60.384615384615394,71.5,418.5,35.45,212.0,15.975,191.0,190.0,92.13333333333333,258.0,41.35,85.54642857142856,37.25,35.45,33.75,57.375,71.2,60.7,70.5,30.00294117647059,526.6666666666666,19.65,55.7,379.0,251.5,33.4,11.55,161.0,37.35,85.4184210526316,42.74824561403509,129.75,97.2,288.53125,61.5,225.0,42.96724137931035,11.04375,98.50487804878048,279.5,345.7058823529412,16.4,15.9,54.19565217391305,47.4,9.3,19.96,13.3,24.00873015873016,12.1,11.211111111111114,19.06153846153846,15.806521739130435,208.75,2880.0,102.0,11.35,71.0,87.00357142857142,14.05,76.5,49.23125
74.5,9.034444444444443,30.100000000000005,30.7,14.199999999999998,271.5,26.7,53.3,103.0,180.85714285714286,7.61,70.3,24.55,28.65,42.55,108.0,41.43214285714287,13.0,18.1,36.4,182.25,442.83333333333326,29.8,20.55,47.5,31.7,24.149999999999995,24.05,383.0,22.952,18.8,51.20000000000001,7.26,36.35,10.746296296296297,13.563636363636364,16.8,58.46,37.8,31.2,28.6,60.79999999999999,82.3,48.51000000000001,50.64166666666667,28.8,22.100000000000005,96.04,62.676,14.1,61.1,14.9,35.25,10.3,11.75,22.55,19.43571428571429,224.5,189.5,23.9,9.42,26.35,8.54,10.0,13.65,18.9,8.17,18.113779527559053,57.1,117.33333333333331,13.949999999999998,49.5,67.325,18.15,90.99411764705884,33.8,95.15,147.57142857142858,36.1,54.94285714285714,8.82,105.5,60.42857142857143,71.5,419.0,35.5,211.5,16.0,190.88888888888889,190.0,91.7,257.0,41.35,85.3,37.29999999999999,35.5,33.75,57.36666666666667,71.06666666666666,60.8,70.6,30.0125,527.0,19.65786163522013,55.7,380.0,251.5,33.4,11.5375,161.25,37.3475,85.42666666666669,42.75,129.5,97.2,288.5833333333333,61.5,224.5,42.996428571428574,11.05,98.59999999999998,279.5,345.9,16.379411764705885,15.9,54.18666666666667,47.4,9.290236966824645,19.98,13.3,24.05,12.125,11.219642857142857,19.05,15.8,209.0,2880.0,102.0,11.340909090909092,71.01982758620689,87.0,14.05,76.5,49.23333333333333
74.4,9.03,30.15,30.66666666666667,14.2,271.5,26.7,53.3,103.5,180.66666666666663,7.61,70.3,24.55,28.7,42.566666666666656,107.5,41.40416666666667,13.0,18.1,36.4,182.5,445.0,29.85,20.55,47.6,31.7,24.15,24.05,383.0,22.950000000000006,18.8,51.1,7.267619047619048,36.35,10.75,13.6,16.85,58.51818181818182,37.8,31.152380952380952,28.6,60.79999999999999,82.08888888888889,48.53888888888889,50.59166666666667,28.75,22.12777777777778,96.0,62.765384615384605,14.125,61.1,15.0,35.25,10.3,11.75,22.550000000000004,19.425,224.5,189.5,23.9,9.416875,26.364634146341466,8.54,10.0,13.65,18.928571428571427,8.17,18.0985294117647,57.00833333333333,117.1875,13.949999999999998,49.48,67.39310344827587,18.116666666666667,90.9,33.8,95.075,148.0,36.05,55.0,8.83,105.4421052631579,60.4,71.49,419.0,35.45,212.0,15.95,190.5,190.0,92.13333333333333,258.0,41.35,85.1,37.29166666666666,35.45,33.75,57.33333333333334,71.2,60.7,70.5,30.05,526.5,19.68455882352941,55.7,379.0,251.5,33.4,11.55,161.2,37.316071428571426,85.39999999999998,42.75,129.57142857142858,97.2,288.3888888888889,61.5,225.0,43.0,11.0,98.53333333333332,279.4166666666667,345.5,16.399999999999995,15.9,54.18999999999999,47.40000000000001,9.29,19.96,13.320588235294116,24.025,12.1,11.24090909090909,19.059090909090916,15.805932203389833,208.75,2880.0,102.0,11.330769230769231,71.1,86.89999999999998,14.01875,76.5,49.21666666666667
74.5,9.0332,30.100000000000005,30.7,14.199999999999998,271.5,26.7,53.3,103.5,180.0,7.62,70.30000000000001,24.55,28.65,42.6,108.0,41.40000000000001,13.0,18.1,36.4,182.5,442.83333333333326,29.8,20.55,47.522222222222226,31.7,24.149999999999995,24.05,383.0,23.0,18.825,51.2,7.27,36.35,10.73,13.6,16.85,58.46,37.8,31.2,28.55,60.716,82.3,48.5,50.42307692307693,28.75,22.1,96.0,62.671428571428564,14.1,61.10000000000001,14.98,35.2375,10.35,11.764285714285714,22.55,19.45,224.5,189.5,23.9,9.41,26.395588235294124,8.54,10.0,13.65,18.95,8.17,18.05,57.0,117.25,13.95,49.5,67.49545454545455,18.15,90.9,33.8,95.0,148.3181818181818,36.107142857142854,55.0,8.81,105.05882352941177,60.42857142857143,71.42941176470588,419.0,35.5,211.5,15.95,190.25,190.0,91.7,257.0,41.35,85.1,37.25,35.4537037037037,33.75,57.35454545454545,71.06666666666666,60.8,70.6,30.0125,526.0,19.629545454545454,55.8,380.0,251.5,33.4,11.5375,161.5,37.30285714285714,85.35,42.77023809523809,129.83333333333334,97.2,288.0,61.4,224.5,42.996428571428574,11.0,98.6,279.5,345.5,16.4,15.9,54.20588235294117,47.4,9.3,19.95,13.35,24.05,12.125,11.219642857142857,19.092073170731712,15.8,208.75,2880.0,102.0,11.35,71.1,86.88333333333333,14.05,76.6,49.25
74.4,9.04,30.15,30.66666666666667,14.2,271.6666666666667,26.7,53.4,103.5,181.0,7.61,70.4,24.55,28.7,42.566666666666656,107.5,41.38,13.0,18.05,36.4,182.5,445.0,29.85,20.55,47.5,31.7,24.2,24.05,383.0,22.962048192771093,18.8125,51.2,7.27,36.35,10.75,13.6,16.841666666666665,58.51818181818182,37.80394736842105,31.152380952380952,28.6,60.7,82.1,48.5,50.5,28.75,22.1,96.0,62.66666666666666,14.125,61.05,15.0,35.25,10.3,11.75,22.550000000000004,19.45,224.5,189.16666666666663,23.9,9.4,26.399999999999995,8.53,10.0,13.65,18.9,8.17,18.09583333333333,57.0,117.1875,14.0,49.48,67.4125,18.15,90.9,33.8,95.0,148.57142857142858,36.16,55.0,8.82,105.5,60.4,71.36666666666666,419.0,35.5,212.0,15.95,190.125,190.0,92.13333333333333,258.0,41.35,85.1,37.25,35.5,33.7,57.38571428571429,71.2,60.7,70.6,30.05,526.0,19.7,55.7,379.0,251.5,33.35,11.55,161.16666666666666,37.28421052631579,85.39166666666667,42.766666666666666,129.60714285714286,97.1,288.3333333333333,61.4,224.66666666666663,43.0,11.0,98.5,279.2857142857143,346.0,16.4,15.9,54.18999999999999,47.4,9.300000000000002,19.96,13.35,24.025,12.1,11.24,19.079591836734696,15.832,208.75,2880.0,102.0,11.369396551724137,71.1,86.87727272727274,14.05,76.5,49.2
74.45,9.035,30.100000000000005,30.7,14.199999999999998,271.5,26.7,53.5,103.51724137931036,181.0,7.62,70.3,24.55,28.65,42.55,108.0,41.38500000000001,13.0,18.1,36.4,182.5,442.83333333333326,29.85,20.55,47.5,31.7,24.15,24.100000000000005,383.0,22.95,18.8,51.2,7.2662499999999985,36.35,10.8,13.6,16.850000000000005,58.5,37.8775,31.2,28.6,60.8,82.1,48.5,50.5,28.823333333333334,22.145454545454545,96.1,62.74166666666667,14.1,61.00909090909091,14.98,35.2375,10.35,11.75,22.6,19.404166666666665,224.5,189.5,23.9,9.411666666666667,26.399999999999995,8.54,10.0,13.65,19.0,8.17,18.1,57.0,117.5,14.0,49.5,67.4,18.123076923076926,91.0,33.8,95.0,148.5,36.15625,55.0,8.81,105.44444444444444,60.42857142857143,71.4,419.0,35.49347826086957,211.5,15.95,190.5,190.0,91.7,257.0,41.3,85.14285714285714,37.25,35.4537037037037,33.75,57.325,71.2,60.73333333333333,70.6,30.0,526.0,19.7,55.79999999999999,380.0,251.75,33.4,11.550000000000002,161.66666666666666,37.25833333333333,85.35000000000002,42.7671875,129.625,97.1,288.0,61.5,224.5,43.0,11.045,98.53076923076924,279.3888888888889,345.71428571428567,16.4,15.9,54.15384615384616,47.37027027027027,9.3,19.986206896551725,13.35,24.05,12.122727272727273,11.25,19.1,15.8,208.5,2882.5,102.0,11.354444444444445,71.1,86.9,14.033333333333333,76.6,49.14999999999999
74.5,9.04,30.15,30.75,14.2,271.5,26.7,53.6,104.03205128205127,180.72222222222226,7.61,70.4,24.55,28.65,42.566666666666656,107.5,41.40526315789472,13.0,18.05,36.4,182.3,445.0,29.85,20.55,47.45,31.7,24.2,24.100000000000005,383.0,22.90442477876107,18.8375,51.1,7.21495,36.333333333333336,10.755,13.6,16.8375,58.51818181818182,37.85833333333333,31.2,28.649999999999995,60.84333333333333,82.1,48.5,50.5,28.9,22.15,96.05,62.782051282051285,14.125,61.0,15.0,35.25,10.3,11.75,22.575000000000006,19.45,224.5,189.16666666666663,23.9,9.4175,26.44545454545454,8.54,10.0,13.65,18.9,8.18,18.1375,57.0,117.5,13.966666666666667,49.48,67.36666666666667,18.15,91.1924528301887,33.8,95.0,148.33333333333334,36.1409090909091,55.0,8.82,105.86607142857143,60.4,71.38499999999998,419.0,35.5,212.0,15.95,190.5,190.0,92.13333333333333,258.0,41.311764705882354,85.2,37.25,35.5,33.75,57.3,71.2,60.7,70.6,30.05,527.0,19.654166666666665,55.7,380.5,251.5,33.4,11.55,161.625,37.292857142857144,85.4,42.79166666666666,129.65,97.0,288.3333333333333,61.5,224.66666666666663,42.95,11.029166666666667,98.58888888888887,279.0,345.5,16.3875,15.9,54.2,47.35,9.294545454545457,19.966,13.35,24.0,12.15,11.221428571428573,19.1,15.8,209.0,2880.0,102.0,11.351724137931035,71.1,86.89999999999998,14.05,76.5,49.20000000000001
74.5,9.02,30.100000000000005,30.7,14.2,271.5,26.7,53.5,104.375,180.0,7.618571428571428,70.3,24.55,28.65,42.6,108.0,41.45555555555556,13.0,18.075000000000006,36.4,182.25,442.83333333333326,29.85,20.575,47.5,31.65,24.15,24.100000000000005,383.0,22.9,18.825000000000006,51.1,7.22,36.35,10.783333333333333,13.6,16.85,58.6,37.89999999999999,31.200000000000006,28.62976190476191,60.884615384615394,82.11666666666666,48.5,50.5625,28.823333333333334,22.1,96.0,62.84999999999999,14.15,61.0,15.0,35.25,10.333333333333334,11.75,22.566666666666666,19.45,224.0,190.0,23.9,9.41,26.43636363636364,8.54,10.0,13.65,19.0,8.176190476190476,18.13308823529412,57.0,117.5,14.0,49.45,67.4,18.141666666666666,91.48900000000002,33.8,95.0,148.5,36.15625,55.0,8.81,106.0,60.4,71.48947368421052,419.0,35.49347826086957,212.5,15.95,190.5,189.78125,91.7,257.0,41.3,85.3,37.25,35.5,33.728947368421046,57.38,71.3,60.6,70.6,30.0,528.0,19.690277777777773,55.79999999999999,380.0,252.25,33.4,11.55,161.83333333333334,37.26000000000001,85.4,42.79642857142857,129.71428571428572,97.0,288.6,61.5,224.5,43.025,11.0,98.5090909090909,279.0208333333333,345.56666666666666,16.4,15.9,54.23333333333333,47.31881720430109,9.29,19.96,13.35,24.05,12.125,11.212162162162164,19.1,15.800000000000002,209.0,2880.0,102.0,11.35,71.1,86.9,14.04375,76.5,49.15
74.5,9.02,30.15,30.7,14.3,271.5,26.7,53.6,104.4,180.72222222222226,7.61,70.4,24.55,28.7,42.566666666666656,107.5,41.49285714285714,13.0,18.05769230769231,36.4,182.3,445.0,29.85,20.6,47.45,31.7,24.2,24.112500000000004,383.0,22.914285714285718,18.842857142857145,51.1,7.267826086956521,36.333333333333336,10.7825,13.6,16.85,58.523529411764706,37.90666666666665,31.2,28.600000000000005,60.9,82.2,48.5,50.6,28.90909090909091,22.100000000000005,96.0,62.85999999999999,14.125,60.97727272727273,14.95,35.25,10.3,11.75,22.55,19.4,224.5,190.0,23.9,9.4175,26.45,8.54,10.0,13.65,18.9,8.180378787878787,18.145,57.0,117.5,14.0,49.4,67.23333333333333,18.1,91.51333333333334,33.8,95.0,148.33333333333334,36.05,54.99375,8.827142857142857,105.77777777777777,60.4,71.57142857142857,419.0,35.5,212.0,15.95,191.0,188.8076923076923,92.13333333333333,258.0,41.3,85.47272727272728,37.246875,35.5,33.72083333333334,57.38,71.2,60.7,70.6,30.0,528.8333333333334,19.7,55.7,380.5,252.5,33.375,11.55,161.5,37.28888888888889,85.33461538461538,42.75120192307692,130.0,97.1,288.5,61.5,224.66666666666663,43.025,11.000769230769231,98.6,278.96153846153845,346.0,16.35,15.9,54.20422535211269,47.3,9.297,19.966,13.348425196850394,24.0,12.15,11.2,19.14038461538461,15.8,209.0,2880.0,102.0,11.35,71.1,86.91666666666669,14.05,76.6,49.15
74.56785714285714,9.02,30.100000000000005,30.65,14.2,271.5,26.7,53.5,104.5,180.0,7.62,70.4,24.55,28.65,42.554545454545455,107.5,41.5,13.05,18.075000000000006,36.4,182.625,442.83333333333326,29.85,20.6,47.5,31.65,24.15,24.1,383.0,22.90609756097561,18.85,51.1,7.26,36.3,10.798863636363638,13.6,16.8,58.4,37.88181818181817,31.214285714285715,28.6,60.89000000000001,82.11666666666666,48.44545454545455,50.658823529411755,28.95,22.1,96.1,62.80588235294117,14.15,61.0,14.95,35.25,10.333333333333334,11.75,22.6,19.401063829787237,224.0,189.5,23.9,9.41,26.41,8.54,10.0,13.65,19.0,8.193333333333333,18.148275862068964,56.9,117.5,14.0,49.45,67.22272727272728,18.141666666666666,91.27727272727272,33.8,95.0,147.95454545454547,36.15625,55.0,8.840000000000002,105.54411764705885,60.4,71.5625,419.0,35.49347826086957,212.0,15.95,191.0,188.04545454545453,91.7,257.0,41.3,85.5,37.25,35.5,33.7,57.38,71.3,60.7,70.6,30.0,528.6,19.65056179775281,55.8,380.0,252.25,33.4,11.55,161.5,37.28421052631579,85.4,42.761,129.5,97.03333333333336,288.6,61.5,224.5,43.02916666666667,11.0,98.54166666666669,279.0,345.85,16.4,15.9,54.20666666666666,47.26515151515152,9.3,19.96875,13.35,24.0,12.15,11.2,19.10294117647059,15.800961538461538,209.0,2880.0,102.0,11.358333333333334,71.1,87.0,14.050000000000002,76.5,49.14999999999999
74.6,9.01,30.149999999999995,30.7,14.3,272.0,26.7,53.5,104.0,179.9,7.623636363636364,70.5,24.55,28.7,42.6,107.5,41.533870967741926,13.0,18.05,36.45,182.5,445.0,29.85,20.55,47.475,31.65,24.2,24.05,384.0,22.9,18.85,51.08333333333334,7.262399999999999,36.333333333333336,10.75,13.6,16.833333333333332,58.523529411764706,37.8625,31.25,28.6,60.90000000000001,82.3,48.35714285714285,50.68333333333334,28.925,22.100000000000005,96.03333333333336,62.71739130434783,14.15,60.9625,14.95,35.25,10.33970588235294,11.75,22.55,19.4,224.5,190.0,23.9,9.4175,26.45,8.54,10.0,13.65,18.9,8.191612903225806,18.192222222222217,56.9,117.0,13.975,49.4,67.2,18.130000000000006,91.24242424242424,33.8,95.0,148.0,36.05,55.0,8.85,105.5,60.4,71.5125,419.5,35.5,212.0,15.95,190.5,188.8076923076923,92.13333333333333,258.0,41.3,85.51612903225806,37.246875,35.5,33.75,57.375,71.2,60.70000000000001,70.6,30.05,528.7142857142857,19.605405405405406,55.7,380.5,252.0,33.35,11.550000000000002,161.5,37.296969696969704,85.4111111111111,42.75,129.5,97.03333333333336,288.5,61.45,224.66666666666663,43.075,11.019230769230768,98.57142857142857,279.29310344827593,345.4375,16.37857142857143,15.9,54.2,47.292857142857144,9.299814814814814,19.95119047619048,13.35,24.05,12.15,11.25,19.104166666666668,15.8,208.5,2880.0,102.0,11.35,71.00740740740741,87.0,14.0,76.5,49.15
74.6,9.01,30.100000000000005,30.65,14.2,271.5,26.65,53.5,104.0,179.25,7.63,70.5,24.55,28.65,42.6,107.5,41.60000000000001,13.05,18.075000000000006,36.4,182.125,445.0,29.85,20.55,47.46250000000001,31.7,24.15,24.1,384.0,22.9,18.845,51.1,7.269999999999999,36.30833333333333,10.8,13.6,16.825000000000006,58.5,37.85,31.25,28.600000000000005,60.90000000000001,82.3,48.3,50.6,28.95172413793103,22.100000000000005,96.1,62.69107142857143,14.1,60.94,14.9,35.25,10.3,11.75,22.600000000000005,19.4,224.0,190.0,23.9,9.41,26.422222222222217,8.54,10.005128205128203,13.65,19.0,8.193333333333333,18.177430555555556,56.9,117.5,14.0,49.45,67.0,18.142857142857142,91.17391304347828,33.81666666666666,95.0,148.0,36.05,54.91052631578947,8.841666666666667,105.5,60.4,71.51428571428572,419.0,35.49347826086957,212.0,15.95,190.5,188.04545454545453,91.7,257.0,41.3,85.58823529411767,37.25,35.5,33.7,57.36666666666667,71.25,60.8,70.6,30.0,529.0,19.6875,55.8,380.0,252.0,33.35,11.52,161.5,37.275,85.49035087719298,42.71500000000001,129.5,96.95000000000002,288.6,61.5,224.5,43.05,11.01125,98.6,279.5,345.5,16.4,15.95,54.20666666666666,47.25277777777778,9.299122807017543,19.954166666666666,13.348275862068968,24.0,12.15,11.25,19.1,15.771698113207547,208.5,2880.0,102.0,11.35,71.00625,86.9,14.05,76.51666666666667,49.12619047619048
74.6,9.01,30.15,30.7,14.3,271.5,26.7,53.5,104.0,179.5,7.63,70.55,24.6,28.7,42.5,107.5,41.614705882352936,13.05,18.1,36.45,182.5,445.0,29.850000000000005,20.5,47.42,31.647727272727273,24.2,24.1,384.0,22.87777777777778,18.85,51.1,7.271428571428572,36.3,10.75,13.6,16.85,58.52500000000001,37.8,31.25454545454545,28.643103448275863,60.9,82.3,48.290909090909096,50.7,28.95,22.1,96.2,62.70246913580247,14.15,60.89354838709678,14.95,35.25,10.33970588235294,11.8,22.55,19.395,224.5,190.0,23.95,9.4175,26.355025125628142,8.54,10.0,13.65,18.9,8.19,18.223809523809518,56.9,117.5,13.952380952380953,49.4,67.0,18.1,91.19375,33.8,95.0,148.0,36.05,54.93333333333334,8.854117647058821,105.5,60.4,71.525,419.5,35.55,212.0,15.95,190.0,188.0,92.1,258.0,41.3,85.58666666666666,37.25,35.5,33.7,57.315384615384616,71.2,60.70000000000001,70.6,30.05,528.0,19.605405405405406,55.8,381.25,252.0,33.35,11.50294117647059,161.5,37.3025,85.4948717948718,42.75,129.56666666666666,97.0,288.5,61.5,224.5,43.05,11.0,98.6,279.27272727272725,345.5,16.4,15.933333333333332,54.11764705882353,47.3,9.289419642857142,20.0,13.325,24.05,12.15,11.2,19.11428571428572,15.78717948717949,208.5,2880.0,101.5,11.35,71.06666666666666,87.0,14.05,76.5,49.1
74.6,9.01,30.133333333333336,30.65,14.2,272.0,26.65,53.5,104.0,179.25,7.63,70.54285714285712,24.55,28.65,42.6,107.5,41.69848484848485,13.05,18.05,36.4,182.5,445.25,29.850000000000005,20.55,47.75,31.7,24.15,24.1,384.5,22.9,18.85,51.12727272727273,7.269999999999999,36.30833333333333,10.788461538461537,13.599999999999998,16.85,58.5,37.78125,31.3,28.65,60.90000000000001,82.3,48.273529411764706,50.68,28.899999999999995,22.1,96.3,62.606557377049185,14.133333333333333,60.8,14.95,35.25,10.323076923076922,11.75,22.59375,19.4,224.0,190.0,23.95,9.41,26.294222222222228,8.54,10.05,13.650000000000002,18.95,8.193333333333333,18.2,56.9,117.5,14.0,49.45,67.0,18.15,91.2875,33.8,94.94,148.0,36.05,54.79999999999999,8.85,105.33333333333331,60.4,71.41666666666667,420.0,35.49347826086957,212.0,15.991666666666667,190.125,188.0,91.7,257.0,41.3,85.47777777777776,37.25,35.5,33.728571428571435,57.36666666666666,71.2,60.79999999999999,70.6,30.0,527.5714285714286,19.65,55.79999999999999,380.0,252.0,33.3,11.55,161.5,37.34166666666667,85.46315789473684,42.747,129.7,96.9,289.0,61.5,224.5,43.0,11.025581395348835,98.59142857142857,279.4166666666667,345.16666666666674,16.4,15.9,54.19666666666667,47.3,9.29,19.966666666666665,13.35,24.0,12.125,11.25,19.1,15.774193548387096,209.0,2880.0,102.0,11.35,71.1,86.9,14.020833333333336,76.51666666666667,49.1
74.5,9.01,30.15,30.7,14.3,271.5,26.7,53.5,104.0,180.5,7.63,70.57499999999997,24.6,28.7,42.55,107.5,41.7015625,13.05,18.1,36.45,182.25,445.0,29.850000000000005,20.5,47.42,31.647727272727273,24.2,24.08333333333333,384.0,22.851801801801802,18.802941176470586,51.2,7.268333333333333,36.3,10.775,13.620430107526882,16.8,58.6,37.79545454545454,31.3,28.649999999999995,60.89714285714286,82.3,48.21,50.63333333333333,28.899999999999995,22.1,96.3,62.60000000000001,14.15,60.79999999999999,14.95,35.25,10.33970588235294,11.75,22.58571428571429,19.396666666666665,224.5,190.0,23.9,9.4175,26.25,8.54,10.0,13.650000000000002,18.9,8.19,18.196296296296296,56.9,117.0,13.949999999999998,49.4,67.0,18.1,91.1,33.8,94.96,148.16666666666666,36.1,54.8,8.86,105.33333333333331,60.4,71.47142857142858,420.0,35.55,212.0,15.95,189.9767441860465,188.0,92.1,258.0,41.3,85.3,37.25,35.45,33.75,57.40000000000001,71.2,60.70000000000001,70.6,30.05,527.0,19.65,55.8,381.25,252.0,33.35,11.51875,161.5,37.311764705882354,85.46666666666667,42.7173076923077,129.75,96.9,288.5,61.5,224.5,42.96250000000001,11.0125,98.57058823529414,279.4166666666667,345.16666666666674,16.4,15.933333333333332,54.2,47.3,9.289419642857142,19.95,13.325,24.02,12.127777777777776,11.202941176470587,19.11458333333333,15.8,208.5,2880.0,101.5,11.341666666666667,71.025,86.98571428571428,14.05,76.5,49.1
74.6,9.008,30.15,30.65,14.2,271.5,26.65833333333333,53.5,104.0,179.25,7.63,70.6,24.575000000000006,28.65,42.6,107.5,41.791228070175436,13.0,18.05,36.4,182.5,445.75,29.850000000000005,20.55,47.75,31.65,24.15,24.1,384.5,22.85,18.8,51.2,7.27,36.30833333333333,10.788461538461537,13.697916666666664,16.81,58.6,37.809090909090905,31.302380952380954,28.65,60.87000000000001,82.3,48.25,50.6,28.883333333333336,22.107142857142858,96.3,62.60434782608696,14.116666666666667,60.8,14.95,35.2,10.323076923076922,11.783333333333333,22.59375,19.4,224.66666666666663,190.0,23.95,9.41,26.289325842696627,8.54,10.05,13.65,19.0,8.193333333333333,18.196808510638302,56.9,117.5,14.0,49.45,67.0,18.143859649122806,91.04117647058823,33.833333333333336,94.9,148.35294117647058,36.1,55.0,8.86,105.0,60.4,71.47999999999998,420.0,35.56875,212.0,15.991666666666667,190.0,188.25,91.7,257.0,41.3,85.3,37.232142857142854,35.5,33.7,57.31428571428571,71.28571428571428,60.8,70.6,30.0,527.2,19.65,55.8,380.0,252.0,33.3,11.514285714285714,161.7,37.3,85.45,42.75,129.55769230769232,96.88571428571429,289.0,61.5,225.0,43.0,11.020833333333336,98.59499999999998,279.4,345.0,16.35,15.9,54.2,47.296428571428564,9.29,20.0,13.35,24.05,12.15,11.2125,19.11428571428572,15.800000000000002,209.0,2880.833333333333,102.0,11.34,71.1,86.98571428571428,14.05,76.51666666666667,49.1
74.5,9.01,30.138461538461538,30.65,14.3,271.0833333333333,26.7025,53.5,104.0,180.5,7.629999999999999,70.6,24.6,28.7,42.55,107.5,41.863333333333344,13.0,18.1,36.45,182.5,445.0,29.850000000000005,20.5,47.42,31.647727272727273,24.2,24.1,384.0,22.85,18.85,51.2,7.27,36.3,10.8,13.68888888888889,16.75,58.7,37.81,31.350000000000005,28.65,60.9,82.3,48.25,50.61666666666667,28.879166666666666,22.1,96.3,62.6,14.2,60.9,14.95,35.15,10.3,11.75,22.6,19.4,224.66666666666663,190.0,23.9,9.4175,26.275,8.54,10.0,13.65,18.9,8.2,18.2,56.9,117.0,14.0,49.4,67.0,18.15,91.01333333333334,33.8,94.90000000000002,148.75,36.1,54.8,8.86,105.0,60.4,71.5,422.5,35.6,212.0,15.95,189.8,188.5,92.1,258.0,41.3,85.38000000000002,37.2,35.45,33.7,57.31874999999999,71.2,60.8,70.65,30.05,527.0,19.65,55.8,381.25,252.0,33.3,11.514285714285714,161.61111111111111,37.30416666666667,85.47272727272727,42.717346938775506,129.63333333333333,96.80769230769229,288.9,61.5,225.14285714285717,43.00833333333333,11.026315789473683,98.5923076923077,279.5,345.41666666666674,16.380000000000006,15.9,54.16666666666666,47.31304347826086,9.289478260869565,19.9625,13.325,24.0,12.15,11.2,19.11590909090909,15.7875,208.5,2880.0,102.0,11.345945945945944,71.1,86.96666666666665,14.022727272727273,76.5,49.0575
74.5,9.02,30.1,30.65,14.2,271.05,26.75,53.5,104.0,179.25,7.63,70.6,24.6,28.65,42.6,107.375,41.9,13.05,18.075000000000006,36.4,182.1,446.0,29.850000000000005,20.55,47.75,31.65,24.15,24.1,384.5,22.85,18.8,51.20000000000001,7.28,36.3,10.8,13.686666666666666,16.8,58.6,37.78333333333333,31.4,28.65,60.9,82.3,48.3,50.6,28.86785714285714,22.100000000000005,96.4,62.54736842105264,14.116666666666667,60.81666666666666,14.95,35.2,10.323076923076922,11.75,22.59375,19.4,224.66666666666663,190.0,23.9,9.41,26.29166666666667,8.54,10.05,13.65,19.0,8.195,18.15,56.9,117.0238095238095,13.966666666666667,49.45,67.05,18.15,91.0,33.8375,95.0,149.0,36.1,54.9,8.85,104.56,60.4,71.5,424.0,35.6,212.0,15.991666666666667,189.5,188.0,91.7,257.0,41.3,85.35999999999999,37.2,35.45,33.7,57.36666666666667,71.2,60.79999999999999,70.6,30.0,526.0,19.65,55.8,381.5,251.5,33.3,11.5,161.5,37.345258620689656,85.47391304347828,42.75,130.0,96.825,288.5,61.5,225.5,43.035185185185185,11.05,98.57692307692308,279.6,345.1,16.326623376623374,15.949999999999998,54.2,47.35,9.287916666666666,20.0,13.35,24.05,12.15,11.2,19.104,15.8,209.0,2880.833333333333,102.0,11.35,71.00243902439023,87.0,14.05,76.51666666666667,49.03947368421053
74.5,9.012631578947367,30.135714285714283,30.65,14.3,271.5,26.7025,53.5,104.0,180.5,7.63,70.76666666666667,24.6,28.7,42.525,107.5,41.965306122448986,13.0,18.1,36.45,182.0,443.5,29.850000000000005,20.5,47.75,31.649999999999995,24.2,24.1,385.0,22.836772486772485,18.83333333333333,51.2,7.2799999999999985,36.3,10.796153846153846,13.691666666666668,16.8,58.7,37.85,31.4,28.65,60.9,82.3,48.339285714285715,50.6,28.88125,22.1,96.4,62.56,14.2,60.87499999999999,14.95,35.15,10.3,11.75,22.6,19.4,224.66666666666663,190.0,23.95,9.41,26.252307692307692,8.537333333333331,10.0,13.65,18.9,8.19,18.151530612244894,56.95,117.0,13.994444444444444,49.4,67.10714285714286,18.158008658008658,91.0,33.8,94.93333333333334,149.0,36.11666666666667,54.92307692307693,8.85,104.47413793103449,60.4,71.48333333333333,425.0,35.6,212.0,15.95,189.66666666666663,189.0,92.1,258.0,41.3,85.39999999999998,37.2,35.45,33.7,57.35,71.2,60.8,70.65,30.0,526.1428571428571,19.65,55.8,381.25,252.0,33.3,11.5,161.66666666666666,37.357142857142854,85.46000000000002,42.75,129.5,96.85,288.8333333333333,61.5,225.14285714285717,43.04999999999999,11.023076923076923,98.5,279.6666666666667,345.5,16.3,15.95,54.271428571428565,47.358730158730154,9.281176470588235,19.975,13.35,24.0,12.1,11.2,19.116666666666667,15.8,208.75,2880.0,102.0,11.35,71.0,87.0,14.05,76.5,49.0125
74.5,9.01,30.1,30.65,14.2,271.5,26.75,53.5,104.0,179.25,7.63,70.8,24.6,28.7,42.55,107.375,41.96707317073171,13.033333333333333,18.075000000000006,36.4,182.5,446.5,29.850000000000005,20.5,47.75,31.65,24.15,24.1,384.5,22.80175438596491,18.8,51.13333333333334,7.27,36.3,10.8,13.65,16.8,58.65000000000001,37.85,31.4,28.65,60.9,82.3,48.3,50.6,28.85,22.1,96.13333333333333,62.5875,14.2,60.89999999999999,14.95,35.2,10.329411764705883,11.75,22.5875,19.4,225.0,190.0,23.9,9.41,26.2925,8.54,10.05,13.65,19.0,8.195,18.100000000000005,56.9,116.625,14.0,49.49166666666667,67.2,18.2,91.0,33.8375,94.8,148.57142857142858,36.1,54.9,8.85,104.5,60.4,71.39999999999998,426.0,35.7,212.5,15.95,189.54166666666663,188.0,91.7,257.0,41.25,85.39999999999998,37.2,35.45,33.705,57.35,71.2,60.8,70.6,30.01590909090909,525.3333333333334,19.65,55.8,381.5,251.5,33.3,11.51875,161.5,37.3,85.47826086956522,42.736111111111114,129.6,96.9,288.5,61.5,225.5,43.05,11.05,98.575,279.5,345.5,16.3,15.949999999999998,54.29999999999999,47.39999999999999,9.29,19.95,13.35,24.0,12.150000000000002,11.2,19.10388888888889,15.800000000000002,208.5,2885.0,101.75,11.3,71.00243902439023,86.95,14.05,76.51666666666667,49.0
74.5,9.012631578947367,30.15,30.65,14.3,271.0,26.79193548387097,53.5,104.0,180.5,7.63,70.76666666666667,24.55,28.7,42.525,107.5,41.9,13.0,18.1,36.45,182.5,443.5,29.850000000000005,20.5,47.7,31.649999999999995,24.2,24.09,385.0,22.8,18.8,51.0,7.273846153846153,36.35,10.796153846153846,13.65,16.8,58.7,37.833333333333336,31.42727272727273,28.7,60.905555555555544,82.3,48.3,50.60000000000001,28.85,22.1,96.4,62.58750000000001,14.2,60.93333333333334,14.95,35.15,10.3,11.75,22.6,19.4,224.66666666666663,190.0,23.9,9.41,26.29318181818181,8.53,10.0,13.65,18.9,8.2,18.11851851851852,57.0,117.0,14.0,49.5,67.2,18.2,91.0,33.8,94.72352941176472,148.625,36.14999999999999,54.96666666666667,8.85,104.5,60.42857142857143,71.4,426.125,35.7,212.0,15.9,189.547619047619,189.0,92.1,258.0,41.24166666666667,85.45555555555556,37.276923076923076,35.45,33.65,57.31666666666666,71.2,60.79999999999999,70.6,30.05,526.5,19.65,55.8,381.25,252.0,33.3,11.5125,161.3695652173913,37.3,85.49816513761469,42.75,129.79166666666666,96.85,288.8333333333333,61.5,225.5,43.01428571428572,11.020512820512822,98.5,279.3333333333333,345.5,16.3,15.9,54.3,47.4,9.281666666666666,20.0,13.349206349206348,24.05,12.1,11.2,19.114,15.8,209.0,2880.0,102.0,11.35,70.9,86.92,14.05,76.5,49.0
74.6,9.01,30.1,30.65,14.2,271.5,26.85,53.5,104.0,179.25,7.63,70.8,24.6,28.7,42.55,107.375,41.88823529411764,13.033333333333333,18.075000000000006,36.5,183.0,446.5,29.8,20.5375,47.75,31.65,24.15,24.1,386.0,22.8,18.8,50.9,7.2614457831325305,36.3,10.8,13.65,16.8,58.6,37.84,31.431249999999995,28.7,60.9111111111111,82.2,48.3,50.6,28.85,22.1,96.5,62.60000000000001,14.1,60.89999999999999,14.95,35.2,10.3,11.75,22.6,19.4,225.0,190.0,23.9,9.41,26.299038461538462,8.54,10.05,13.65,19.0,8.195,18.1,57.0,117.0,13.95,49.49166666666667,67.24000000000001,18.185294117647054,91.0,33.8,94.5,148.5,36.15,54.96666666666667,8.85,105.0,60.4,71.39,426.5,35.7,212.5,15.95,189.4642857142857,189.0,92.13333333333333,257.0,41.25,85.4,37.2,35.45,33.655,57.4,71.3,60.9,70.7,30.0,525.75,19.683333333333334,55.8,381.5,251.5,33.3,11.5,161.5,37.30384615384615,85.42653061224489,42.73888888888889,129.66666666666666,96.9,288.5,61.5,225.0,43.08750000000001,11.009756097560976,98.54,279.4166666666667,345.5,16.3,15.949999999999998,54.31203703703704,47.44166666666666,9.28127659574468,19.99950495049505,13.35,24.0,12.15,11.2,19.123684210526317,15.772222222222226,209.5,2885.0,102.0,11.35,71.0,87.0,14.05,76.51666666666667,48.975
74.59473684210526,9.01047619047619,30.1,30.60909090909091,14.3,271.0,26.80769230769231,53.5,104.0,180.5,7.63,70.64,24.54166666666667,28.7,42.55,107.5,41.86666666666667,13.0,18.075000000000006,36.45,182.83333333333331,443.5,29.850000000000005,20.55,47.7,31.7,24.2,24.1,386.0,22.806944444444447,18.8,51.0,7.289736842105262,36.35,10.8,13.6,16.843333333333334,58.7,37.8125,31.45,28.6765625,60.91111111111112,82.3,48.275,50.536363636363646,28.85,22.1,96.3,62.6,14.2,60.93333333333334,14.95,35.15,10.3,11.75,22.6,19.4,224.66666666666663,189.5,23.9,9.41,26.3,8.53,10.0,13.6625,18.95,8.200000000000001,18.136486486486486,57.0,117.0,14.0,49.5,67.4,18.2,90.90000000000002,33.8,94.7,148.5,36.2,54.9,8.85,104.64285714285714,60.45,71.4,426.33333333333326,35.7,212.0,15.9,189.5,188.5,92.1,258.0,41.24166666666667,85.4625,37.2,35.475,33.65,57.35,71.2,60.9,70.6,30.05,527.0,19.65,55.8,381.25,252.0,33.3,11.5,161.83333333333334,37.338271604938285,85.45,42.75,129.8181818181818,96.975,288.8333333333333,61.5,225.5,43.1,11.040625,98.55,279.5,345.5,16.3,15.949999999999998,54.42459016393442,47.44673913043479,9.28,19.968435754189944,13.347727272727273,24.0,12.1,11.212162162162164,19.113235294117647,15.8,209.5,2880.0,102.0,11.35,70.9,86.9,14.05,76.5,48.92058823529413
74.595,9.017857142857142,30.125,30.65,14.3,271.5,26.85,53.5,103.77777777777777,181.0,7.639999999999999,70.6,24.55,28.7,42.55,107.4,41.863333333333344,13.033333333333333,18.066666666666666,36.6,182.5,446.5,29.8,20.550000000000004,47.65000000000001,31.7,24.2,24.1,385.5,22.800000000000004,18.802272727272726,50.9,7.2745454545454535,36.35,10.800000000000002,13.647619047619047,16.8,58.6,37.805555555555564,31.47741935483871,28.71,60.96666666666667,82.1,48.25,50.46363636363637,28.85,22.092307692307696,96.3,62.54,14.1,60.9,14.95,35.2,10.3,11.75,22.55,19.45,225.0,189.5,23.9,9.41,26.300000000000004,8.54,10.05,13.65,18.95,8.2,18.1,57.0,116.75,13.95,49.5,67.3,18.176315789473687,90.88571428571429,33.8,94.6,148.5,36.2,55.0,8.85,105.0,60.4,71.44,426.0,35.7,212.5,15.95,189.4642857142857,189.0,92.13333333333333,257.0,41.25,85.49375,37.2,35.45,33.65833333333333,57.35,71.3,60.90714285714286,70.6,30.04,527.0,19.665,55.8,381.5,251.5,33.3,11.5,161.5,37.3,85.47962962962963,42.75,129.66666666666666,96.9375,288.5,61.5,225.25,43.01428571428572,11.025757575757575,98.57142857142857,279.1666666666667,345.5,16.3,15.9,54.41212121212122,47.45000000000001,9.289324324324324,19.98571428571429,13.343548387096774,24.0,12.15,11.199375,19.1,15.8,209.5,2885.0,102.0,11.3,71.0,86.91250000000002,14.050000000000002,76.51666666666667,48.902
74.59473684210526,9.01,30.155555555555548,30.60909090909091,14.3,271.0,26.85,53.5,104.0,180.5,7.64,70.64,24.54166666666667,28.7,42.55,107.5,41.89642857142857,13.0,18.075000000000006,36.45,182.83333333333331,443.5,29.8,20.55,47.7,31.7,24.2,24.15,386.0,22.8,18.8,50.89230769230768,7.28,36.35,10.8,13.65,16.8,58.7,37.797916666666666,31.49090909090909,28.6828125,61.0,82.3,48.28571428571429,50.48181818181818,28.85,22.1,96.35,62.57142857142857,14.2,60.9,14.95,35.2,10.3,11.75,22.55,19.4,224.66666666666663,189.5,23.9,9.41,26.293000000000006,8.53,10.0,13.65,18.95,8.2,18.1,56.9,117.0,13.958333333333336,49.5,67.3,18.2,90.9,33.75,94.7,148.5,36.2,55.0,8.84,105.0,60.45,71.41818181818184,425.75,35.7,212.0,15.9,189.5,188.5,92.1,258.0,41.24166666666667,85.46666666666665,37.15,35.47142857142857,33.65,57.4,71.2,61.0,70.6,30.05,527.0,19.68846153846154,55.79999999999999,381.5,252.0,33.3,11.5,161.77777777777774,37.385714285714286,85.48571428571428,42.72307692307693,129.66666666666666,97.0,288.8333333333333,61.488888888888894,225.5,43.05,11.022972972972974,98.57333333333332,279.0,345.45,16.3,15.949999999999998,54.4,47.45000000000001,9.282352941176471,19.968435754189944,13.35,24.0,12.15,11.2,19.140957446808514,15.773333333333335,209.5,2886.666666666666,102.0,11.304347826086955,70.9,86.95,14.01,76.5,48.948717948717956
74.595,9.01,30.125,30.64,14.3,271.0,26.85,53.5,104.0,181.25,7.638076923076923,70.5,24.55,28.7,42.575,108.0,41.96891891891892,13.033333333333333,18.05,36.6,182.5,446.5,29.8,20.575000000000006,47.65000000000001,31.7,24.2,24.1,385.5,22.8,18.800000000000004,50.9,7.287142857142857,36.3,10.76875,13.647619047619047,16.8,58.7,37.8,31.47,28.685714285714287,61.0,82.1,48.25,50.4875,28.80113636363637,22.092307692307696,96.5,62.58181818181819,14.2,60.9,14.949999999999998,35.2,10.3,11.75,22.55,19.401666666666664,225.0,189.25,23.9,9.413333333333334,26.3,8.54,10.05,13.65,18.95,8.2,18.1,56.95,116.66666666666669,14.0,49.5,67.3,18.15,90.90000000000002,33.8,94.63333333333333,148.5,36.25,55.0,8.85,105.0,60.4,71.47777777777776,425.5,35.7,212.5,15.95,189.5,189.0,92.13333333333333,257.5555555555556,41.25,85.46666666666665,37.2,35.45,33.66428571428572,57.325,71.3,60.9,70.6,30.04,526.0,19.65,55.8,381.5,251.5,33.31666666666666,11.51590909090909,161.75,37.31875,85.47619047619048,42.75,129.6,97.0,288.8333333333333,61.5,225.25,43.05,11.043023255813956,98.56,279.0,345.9927536231884,16.3,15.9,54.39999999999999,47.43124999999999,9.287058823529412,19.995454545454546,13.35064935064935,24.0,12.1,11.15,19.107692307692307,15.8,209.5,2885.0,102.0,11.300000000000002,70.9,86.9,14.05,76.51666666666667,48.95666666666667
74.6,9.01,30.2,30.60909090909091,14.3,271.0,26.80833333333333,53.5,103.5,181.0,7.64,70.64,24.54166666666667,28.7,42.6,108.0,42.0,13.0,18.075000000000006,36.6,183.0,443.5,29.8,20.55,47.7,31.7,24.2,24.15,387.0,22.80333333333333,18.8,50.9,7.283125,36.35,10.800000000000002,13.65,16.8,58.7,37.745833333333344,31.49090909090909,28.67,60.975,82.3,48.25,50.48,28.8,22.05,96.36666666666667,62.6,14.2,60.96666666666667,14.95,35.2,10.3,11.75,22.58333333333333,19.45,224.66666666666663,188.57142857142856,23.9,9.41,26.3,8.53,10.05,13.65,18.95,8.2,18.1,57.0,117.0,13.95,49.5,67.31818181818181,18.191666666666666,90.9,33.8,94.6,148.5,36.20789473684211,55.0,8.82,105.1875,60.5,71.55,424.5,35.75,212.0,15.9,189.35714285714286,188.5,92.1,257.5,41.25,85.3,37.15,35.5,33.7,57.35,71.2,60.96,70.6,30.05,526.75,19.65,55.8,381.16666666666674,251.5,33.3,11.505555555555556,161.5,37.35333333333333,85.48571428571428,42.70118110236221,129.75,97.08333333333331,288.8333333333333,61.5,225.66666666666663,43.025,11.042857142857144,98.5,278.8,346.21428571428567,16.3,15.949999999999998,54.39999999999999,47.45000000000001,9.28,19.968435754189944,13.35,24.0,12.108333333333334,11.2,19.15,15.775,209.5,2886.666666666666,102.0,11.346774193548386,70.9,86.96666666666665,14.05,76.5,48.965
74.6,9.01,30.2,30.65,14.3,271.0,26.85,53.575,104.0,181.25,7.638076923076923,70.5,24.55,28.7,42.575,108.0,41.96739130434783,13.05,18.05,36.6,182.5,446.5,29.75,20.6,47.7,31.65,24.2,24.145,387.0,22.8,18.815,50.9,7.290000000000001,36.35,10.800000000000002,13.647058823529413,16.85,58.7,37.8,31.5,28.649999999999995,61.0,82.09523809523809,48.25,50.5,28.800000000000004,22.05,96.5,62.59411764705882,14.2,60.90909090909091,14.95,35.2,10.300000000000002,11.735714285714286,22.594,19.4,225.0,188.0,23.9,9.41,26.316666666666666,8.54,10.05,13.65,18.95,8.2,18.1,56.95,117.0,13.975,49.5,67.2,18.15,91.0,33.775,94.7,148.5,36.23333333333333,55.0,8.85,105.33333333333331,60.4,71.5,425.5,35.7,212.5,15.95,189.46153846153842,189.0,92.13333333333333,258.0,41.25,85.2,37.15,35.45,33.65000000000001,57.33333333333334,71.3,60.90000000000001,70.6,30.04,526.75,19.65,55.8,382.0,251.5,33.35,11.5,161.5,37.32916666666667,85.48666666666666,42.7091911764706,129.66666666666666,97.1,288.8333333333333,61.5,226.0,43.0375,11.033333333333333,98.525,279.0,347.0,16.35,15.9,54.4,47.439473684210526,9.28,19.995454545454546,13.35,24.0,12.106666666666666,11.2,19.1175,15.8,209.5,2885.0,102.0,11.35,70.9,86.9,14.05,76.5,48.95
74.6,9.01,30.191666666666666,30.60909090909091,14.3,271.0,26.80833333333333,53.5,104.0,181.0,7.639090909090908,70.6,24.54166666666667,28.7,42.55,108.5,41.946296296296296,13.0,18.075000000000006,36.6,183.0,443.5,29.8,20.55,47.7,31.7,24.2,24.1,387.0,22.800000000000004,18.8,50.9,7.29,36.33571428571428,10.8,13.65,16.85,58.63333333333333,37.8,31.5,28.67,61.0825,82.0,48.28,50.48,28.8,22.1,96.5,62.59705882352942,14.15,60.98,14.95,35.2,10.3,11.75,22.59166666666667,19.45,224.66666666666663,188.5,23.9,9.412,26.3,8.520833333333334,10.05,13.65,18.95,8.2,18.1,56.9,117.0,13.95,49.5,67.25,18.175,90.9,33.8,94.6,148.5,36.20789473684211,55.0,8.82,105.5,60.5,71.57499999999997,424.5,35.75,212.0,15.9,190.0,188.5,92.1,257.5,41.25,85.03333333333333,37.15,35.5,33.65833333333333,57.35,71.25,60.8,70.6,30.0,526.5,19.654285714285713,55.8,381.16666666666674,251.5,33.33846153846154,11.5,161.5,37.32,85.48484848484848,42.72391304347826,129.8,97.1,288.5,61.5,226.5769230769231,43.05,11.05,98.55555555555556,278.9375,346.8181818181818,16.35,15.9,54.40000000000001,47.46333333333334,9.28,19.968435754189944,13.369230769230768,24.0,12.15,11.2,19.1125,15.800000000000002,209.5,2886.666666666666,102.0,11.3,70.9,86.99729729729731,14.0,76.5,49.0
74.6,9.02,30.2,30.65,14.3,271.0,26.85,53.575,104.0,181.25,7.638076923076923,70.5,24.55,28.7,42.575,108.5,41.95,13.05,18.05,36.6,183.0,446.5,29.8,20.6,47.7,31.65,24.149999999999995,24.1,387.0,22.75847457627119,18.841666666666665,50.9,7.286250000000001,36.35,10.8,13.647058823529413,16.85,58.6,37.8,31.5,28.649999999999995,61.28148148148149,82.0,48.25,50.6,28.805,22.15,96.5,62.6015625,14.2,60.9,14.95,35.2,10.300000000000002,11.75,22.594,19.4,225.0,188.0,23.9,9.41,26.350000000000005,8.524999999999999,10.05,13.65,18.95,8.2,18.139705882352946,56.95,117.0,13.95,49.5,67.2,18.2,90.9,33.775,94.7,148.5,36.2,54.9,8.84,105.0,60.4,71.6,425.5,35.7,212.5,15.95,190.0,189.0,92.13333333333333,258.0,41.25,85.04,37.15,35.45,33.654999999999994,57.35,71.3,60.81666666666666,70.6,30.007894736842108,527.0,19.7,55.8,382.0,251.5,33.32272727272727,11.508823529411767,161.66666666666666,37.32631578947369,85.45,42.7,129.5,97.1,289.0,61.5,226.5,43.05,11.040909090909093,98.55599999999998,279.0,346.7,16.35,15.9,54.39999999999999,47.48157894736842,9.28189189189189,20.0,13.35,24.0,12.116666666666667,11.15,19.1,15.79722222222222,209.53333333333333,2885.0,101.75,11.349999999999998,70.9,87.02857142857141,14.05,76.5,49.0
74.6,9.01,30.15,30.60909090909091,14.3,271.25,26.85,53.5,104.0,181.0,7.639090909090908,70.6,24.55,28.7,42.55,109.0,41.99491525423728,13.0,18.05,36.6,183.0,443.5,29.8,20.55,47.7,31.65,24.2,24.100000000000005,387.0,22.76666666666667,18.8,50.9,7.284999999999998,36.35,10.8,13.65,16.807142857142857,58.7,37.8,31.5,28.656896551724138,61.30810810810811,82.1,48.25,50.6,28.8,22.1,96.43333333333334,62.68,14.15,60.9,14.95,35.2,10.31,11.75,22.58333333333333,19.4,224.66666666666663,188.5,23.9,9.412,26.350000000000005,8.520833333333334,10.05,13.658333333333333,18.95833333333333,8.2,18.134375,57.1,117.16666666666669,13.95,49.525,67.3,18.2,90.8,33.8,94.6,148.5,36.3,55.0,8.82,105.0,60.5,71.5,424.5,35.75,212.0,15.9,190.0,188.5,92.1,257.5,41.25,85.2,37.15,35.45,33.65833333333333,57.40000000000001,71.25,60.9,70.6,30.056081081081082,526.0,19.65833333333333,55.8,381.16666666666674,251.5,33.33125,11.5,161.5,37.3,85.47857142857143,42.69492753623189,129.5263157894737,97.11428571428571,289.0,61.55,226.5769230769231,43.05,11.030434782608696,98.57857142857141,279.0,346.5,16.35,15.95,54.39999999999999,47.45,9.28,19.98,13.349999999999998,24.0,12.15,11.208045977011494,19.1,15.765217391304347,210.0,2890.0,101.5,11.35,71.0,87.1,14.0,76.5,49.0
74.57499999999997,9.02,30.15,30.65,14.3,271.0,26.853571428571428,53.6,104.0,180.5,7.638076923076923,70.52000000000002,24.55,28.7,42.575,109.0,42.04375,13.05,18.1,36.6,183.0,446.5,29.8,20.6,47.7,31.65,24.16333333333333,24.1,387.0,22.8,18.8,50.9,7.283333333333332,36.35,10.7625,13.622727272727273,16.8075,58.6,37.8,31.45,28.649999999999995,61.36714285714285,82.0,48.25,50.6,28.8,22.15,96.53333333333336,62.74705882352939,14.2,61.0,14.95,35.2,10.35,11.75,22.58,19.4,225.0,188.25,23.9,9.41,26.3,8.524999999999999,10.05,13.65,18.95,8.206,18.1,56.9,117.0,13.95,49.5,67.2,18.2,90.725,33.760000000000005,94.7,148.0,36.2,55.0,8.84,105.0,60.425,71.51333333333334,425.5,35.7,212.5,15.9,190.0,189.0,92.1,258.0,41.25,85.2,37.15000000000001,35.5,33.66875,57.375,71.1,60.81666666666666,70.6,30.070000000000004,526.5,19.7,55.8,382.0,251.5,33.35,11.5,161.75,37.340625,85.5,42.70000000000001,129.55882352941177,97.2,288.5,61.56,226.5,43.0,11.05,98.5,278.625,346.5,16.35,15.9,54.39285714285714,47.45,9.28,19.985,13.35,24.0125,12.142857142857142,11.25,19.1,15.8,210.0,2890.0,102.0,11.35,70.9,87.1,14.035714285714285,76.4,49.035
74.58888888888889,9.02,30.15,30.60909090909091,14.3,271.0,26.85,53.5,104.0,181.0,7.639090909090908,70.6,24.55,28.7,42.6,109.0,42.13785714285714,13.0,18.05,36.6,183.0,443.5,29.8,20.6,47.7,31.65,24.15,24.100000000000005,387.0,22.8,18.825000000000006,50.9,7.283571428571428,36.35,10.758333333333333,13.6,16.825000000000006,58.7,37.8,31.46,28.656896551724138,61.4,82.1,48.25,50.7,28.85,22.1,96.35,62.83272727272727,14.15,61.0,14.95,35.2,10.31,11.75,22.6,19.4,224.66666666666663,188.0,23.9,9.41,26.35,8.520833333333334,10.05,13.65,18.95833333333333,8.21,18.1,57.1,117.0,13.95,49.54999999999999,67.3,18.16,90.7,33.8,94.6,148.5,36.3,54.95,8.82,105.0,60.42083333333333,71.4,424.5,35.75,212.0,15.9,190.375,188.5,92.1,257.5,41.2625,85.2,37.15,35.5,33.65,57.375,71.25,60.85999999999999,70.6,30.028490028490033,526.0,19.65833333333333,55.8,381.16666666666674,251.5,33.35,11.500674536256325,161.625,37.34756097560975,85.48333333333333,42.694444444444436,129.66666666666666,97.2,288.5,61.6,226.5,43.05,11.028333333333334,98.5,278.5,346.5,16.35,15.95,54.4,47.45000000000001,9.28375,20.0,13.35,24.01875,12.1,11.2,19.05,15.8,210.5,2890.0,102.0,11.35,70.9,87.1,14.05,76.45,49.05
74.5,9.019999999999998,30.15,30.7,14.254166666666668,271.5,26.857692307692307,53.5,104.0,180.5,7.638076923076923,70.6,24.5,28.7,42.575,109.0,42.2,13.05,18.1,36.6,183.0,446.5,29.8,20.6,47.7,31.675,24.16333333333333,24.1,387.0,22.846969696969694,18.85,51.0,7.285454545454545,36.35,10.75,13.6175,16.85,58.6,37.8125,31.450000000000006,28.6,61.39999999999999,82.05,48.25,50.68000000000001,28.85,22.15,96.6,62.864516129032246,14.2,61.0,15.0,35.2,10.3,11.75,22.56,19.4,225.0,188.25,23.9,9.41,26.314285714285717,8.53,10.05,13.65,18.95,8.201340206185566,18.15,57.0,117.0,13.95,49.55,67.25,18.2,90.7,33.8,94.7,148.5,36.2,55.0,8.84,105.0,60.425,71.4,425.5,35.694444444444436,212.5,15.9,190.5,189.0,92.1,258.0,41.25,85.1,37.1,35.45,33.65833333333333,57.4,71.1,60.8,70.6,30.0,526.0,19.7,55.8,382.0,251.5,33.4,11.5,161.75,37.31666666666667,85.47333333333333,42.7,129.75,97.15,289.0,61.6,225.015625,43.0,11.036486486486487,98.57272727272728,278.5,346.16666666666674,16.349999999999998,15.9,54.4,47.43571428571429,9.284117647058824,19.955,13.345652173913045,24.0,12.141935483870967,11.2,19.070714285714285,15.771428571428574,210.25,2890.0,102.0,11.343333333333335,70.9,87.1,14.04375,76.4,49.1
74.5,9.02,30.15,30.60909090909091,14.3,271.0,26.875,53.6,104.0,180.5,7.639090909090908,70.6,24.45,28.7,42.6,109.5,42.23888888888889,13.0,18.05,36.6,183.5,443.5,29.8,20.6,47.7,31.7,24.15,24.100000000000005,387.0,22.850000000000005,18.808333333333334,51.0,7.282499999999999,36.35,10.8,13.6,16.8,58.7,37.915789473684214,31.45,28.656896551724138,61.39999999999999,82.1,48.27500000000001,50.69285714285714,28.85,22.10909090909091,96.6,62.80588235294118,14.15,60.9,14.95,35.2,10.31,11.75,22.6,19.4,224.5,188.0,23.9,9.41,26.35,8.520833333333334,10.05,13.65,18.95833333333333,8.2,18.15,57.06666666666666,117.0,13.95,49.54999999999999,67.3,18.15833333333333,90.7,33.8,94.65,148.5,36.3,54.95,8.84,105.0,60.42083333333333,71.4769230769231,424.5,35.65,212.0,15.9,190.5,188.5,92.1,257.5,41.3,85.2,37.103125,35.45,33.635714285714286,57.4125,71.25,60.85999999999999,70.6,30.028490028490033,525.0,19.65833333333333,55.8,381.16666666666674,251.5,33.35,11.5,161.5,37.35277777777779,85.40810810810811,42.7,129.97222222222223,97.15,288.5,61.55,226.5,43.05,11.017241379310343,98.5,278.5,346.5,16.35,15.95,54.4,47.45000000000001,9.28,20.0,13.35,24.05,12.15,11.20625,19.066666666666674,15.796666666666667,210.33333333333331,2890.0,102.0,11.35,71.0,87.14,14.050000000000002,76.45,49.1
74.5,9.01,30.15,30.7,14.254166666666668,271.5,26.864285714285717,53.5,104.0,180.5,7.638076923076923,70.7,24.5,28.7,42.65,109.5,42.30147058823529,13.05,18.1,36.6,183.25,446.5,29.8,20.55,47.7,31.7,24.16333333333333,24.1,387.0,22.823809523809533,18.85,51.01666666666667,7.2799999999999985,36.3,10.793181818181818,13.6,16.8,58.6,37.95,31.45,28.6,61.7123188405797,82.02142857142857,48.275,50.62222222222222,28.85,22.1,96.4,62.8,14.15,60.925,14.95,35.2,10.3,11.75,22.612500000000004,19.35873015873016,225.0,188.0,23.9,9.41,26.35,8.52,10.05,13.65,18.95,8.2,18.1,57.1,117.0,13.995454545454544,49.55,67.3,18.18571428571429,90.7,33.8,94.7,148.5,36.3,55.0,8.84,105.0,60.425,71.475,425.5,35.694444444444436,212.5,15.9,190.5,188.4,92.1,258.0,41.3,85.21428571428571,37.1,35.48333333333333,33.60454545454545,57.425,71.2,60.7,70.6,30.0,525.6666666666666,19.7,55.8,382.0,252.0,33.4,11.5,161.5,37.351470588235294,85.39130434782608,42.68333333333333,129.5,97.1,288.0,61.6,226.0,43.025,11.05,98.51724137931036,278.3888888888889,346.0789473684211,16.35,15.9,54.4,47.45000000000001,9.279999999999998,20.0,13.35,24.0,12.12142857142857,11.2,19.068,15.771428571428574,210.25,2890.0,101.5,11.35,70.93333333333334,87.1,14.04375,76.4,49.18125000000001
74.6,9.0125,30.15,30.60909090909091,14.25,271.0,26.9,53.6,104.0,180.5,7.63,70.6,24.5,28.7,42.6,109.5,42.35480769230769,13.0,18.066666666666666,36.6,183.5,443.5,29.75625,20.6,47.7,31.7,24.15,24.1,387.0,22.79816176470589,18.85,51.1,7.290000000000001,36.35,10.8,13.6,16.8,58.7,37.95,31.45,28.656896551724138,61.69375,81.99285714285716,48.26000000000001,50.65,28.85,22.11458333333333,96.5,62.69375,14.15,60.95,14.95,35.2,10.31,11.75,22.6375,19.4,224.5,188.0,23.9,9.41,26.31363636363637,8.52,10.05,13.65,19.0,8.2,18.1,57.06666666666666,116.75,13.95,49.5,67.3,18.15,90.7,33.8,94.7,148.5,36.3,55.0,8.85,105.0,60.42083333333333,71.40416666666667,424.5,35.65,212.0,15.9,190.5,187.4090909090909,92.1,257.5,41.3,85.3,37.13125,35.5,33.6,57.41111111111112,71.25,60.85999999999999,70.7,29.963440860215048,526.0,19.65,55.8,381.16666666666674,251.5,33.4,11.5,161.5,37.33571428571428,85.3,42.7,129.9,97.1,288.5,61.56666666666666,226.0,43.0,11.0375,98.50625,278.1666666666667,345.75,16.322222222222226,15.95,54.40000000000001,47.4741935483871,9.28,20.0,13.35375,24.05,12.1375,11.2,19.083333333333336,15.754347826086958,210.33333333333331,2890.0,102.0,11.35,71.0,87.13333333333333,14.05,76.45,49.2
74.5,9.02,30.15,30.7,14.25,271.0,26.864285714285717,53.5,104.25,180.5,7.6395833333333325,70.7,24.5,28.7,42.65,109.5,42.394642857142856,13.0,18.1,36.6,183.25,446.5,29.8,20.6,47.7,31.7,24.16333333333333,24.1,387.0,22.78076923076923,18.85,51.1,7.281724137931034,36.3,10.785714285714288,13.6,16.8,58.6,37.92272727272728,31.48333333333333,28.649999999999995,61.6,81.9,48.3,50.62222222222222,28.9,22.1,96.55,62.66666666666666,14.15,60.95,14.95,35.2,10.3,11.75,22.612500000000004,19.35,225.0,188.0,23.9,9.41,26.3,8.52,10.05,13.65,18.95,8.20142857142857,18.125,57.2,117.0,13.964285714285715,49.55,67.3,18.15,90.8,33.75,94.7,149.0,36.3,54.9,8.84,105.23809523809523,60.425,71.42500000000003,425.5,35.65,212.5,15.9,190.0,187.0,92.1,258.0,41.3,85.3,37.15,35.48333333333333,33.6,57.45,71.2,60.8,70.6,29.95,525.7777777777778,19.675,55.8,382.0,251.5,33.4,11.5,161.5,37.316666666666656,85.3611111111111,42.7,129.5,97.0,288.125,61.6,226.0,43.0,11.033333333333335,98.55833333333334,278.5,345.83333333333326,16.35,15.950625,54.40000000000001,47.5,9.28,20.0,13.349999999999998,24.0,12.1,11.2,19.058333333333334,15.8,210.5,2890.0,102.0,11.35,71.0,87.07199999999997,14.05,76.4,49.175
74.6,9.02,30.15,30.60909090909091,14.25,271.5,26.9,53.6,104.5,180.5,7.651346153846156,70.6,24.5,28.7,42.6,109.5,42.371428571428574,13.025,18.075000000000006,36.6,183.5,443.5,29.8,20.55,47.6,31.7,24.15,24.100000000000005,387.0,22.721350364963502,18.8,51.1,7.2799999999999985,36.35,10.8,13.6,16.8,58.6,37.96666666666667,31.463414634146343,28.656896551724138,61.62750000000001,81.99285714285716,48.25,50.65,28.899999999999995,22.1,96.5,62.64166666666667,14.15,60.9,14.95,35.2,10.35,11.75,22.6375,19.4,224.0,188.5,23.9,9.41,26.3,8.52,10.05,13.65,19.0,8.2,18.141666666666666,57.20000000000001,116.5,13.949999999999998,49.5,67.3,18.15,90.8,33.775,94.7,148.5,36.3,55.0,8.85,105.0,60.42083333333333,71.46666666666667,424.5,35.65,212.0,15.95,190.5,186.67647058823533,92.1,257.5,41.3,85.25,37.1,35.45,33.64,57.45,71.16666666666667,60.85999999999999,70.55,29.95,527.0,19.65,55.8,382.08333333333326,251.5,33.4,11.5,161.5,37.34375,85.30666666666666,42.69687500000001,129.5,97.0,288.125,61.58,226.0,43.0,11.01,98.5090909090909,278.5,346.0,16.35,15.95,54.43714285714285,47.5,9.2835,20.0,13.335714285714285,24.0,12.1,11.2,19.060714285714287,15.800000000000002,210.5,2890.0,102.0,11.349442379182156,71.0,87.00714285714287,14.05,76.45,49.15
74.6,9.02,30.1,30.7,14.25,271.3333333333333,26.864285714285717,53.5,104.25,180.83333333333331,7.678026315789473,70.7,24.5,28.7,42.65,109.25,42.30555555555555,13.0,18.05,36.6,183.25,446.5,29.75,20.6,47.7,31.7,24.16333333333333,24.1,387.0,22.650619834710746,18.8,51.2,7.27375,36.3,10.804545454545458,13.599999999999998,16.815625,58.6,37.9875,31.475,28.649999999999995,61.651111111111106,81.9,48.25,50.65000000000001,28.85,22.100000000000005,96.5,62.60909090909092,14.15,60.84,14.95,35.2,10.3,11.75,22.65,19.36875,225.0,187.5,23.9,9.41,26.28043478260869,8.53,10.05,13.65,19.0,8.2,18.1,57.3,117.0,13.945454545454545,49.5,67.35,18.15,90.8,33.75,94.7,149.0,36.35000000000001,55.0,8.84,105.5,60.425,71.4,425.5,35.65,212.5,15.9,190.125,186.0,92.2,258.0,41.3,85.07857142857142,37.1,35.45,33.6,57.5,71.2,60.8,70.6,29.95,527.7142857142857,19.7,55.8,382.0,251.5,33.4,11.5,161.57142857142858,37.35,85.3375,42.69861111111111,129.5,97.0,288.45,61.55,226.0,43.0,11.026744186046512,98.52727272727272,278.2,346.0740740740741,16.38611111111111,15.950625,54.443589743589754,47.49944134078212,9.28,19.95,13.35,24.0,12.1125,11.2,19.062820512820515,15.75,210.5,2890.0,102.0,11.355379746835446,71.0,86.9761904761905,14.0,76.4,49.15
74.6,9.02,30.15,30.60909090909091,14.25,271.0,26.9,53.6,104.5,181.0,7.689170124481327,70.6,24.5,28.7,42.6,109.5,42.265625,13.025,18.075000000000006,36.6,183.0,443.5,29.8,20.6,47.6,31.7,24.15,24.1,387.0,22.72592592592593,18.841666666666665,51.268,7.284545454545454,36.325,10.85,13.6,16.76125,58.6,37.982142857142854,31.44516129032258,28.7,61.771153846153844,81.99285714285716,48.26666666666667,50.65,28.85384615384616,22.149999999999995,96.5,62.70399999999999,14.15,60.85999999999999,14.95,35.2,10.3375,11.75,22.6375,19.4,224.0,188.5,23.9,9.41,26.260714285714286,8.52,10.05,13.65,19.0,8.2,18.14375,57.29999999999999,116.5,13.949999999999998,49.55,67.3,18.15,90.9,33.800000000000004,94.625,149.0,36.35,55.0,8.85,105.5,60.42083333333333,71.45,424.5,35.6,212.0,15.941666666666668,190.3,186.2,92.1,257.5,41.3,85.1,37.126666666666665,35.45,33.6,57.475,71.16666666666667,60.8,70.55,29.904587155963306,528.0,19.7,55.8,382.08333333333326,251.5,33.35,11.5,161.5,37.31,85.38571428571429,42.70000000000001,129.3108108108108,96.925,288.0,61.6,224.83333333333331,43.0,11.05,98.5,278.25,346.5,16.40714285714286,15.95,54.5,47.50757575757576,9.282962962962962,19.966666666666665,13.335714285714285,24.04,12.111538461538462,11.176666666666666,19.085714285714285,15.754545454545456,210.5,2885.0,102.0,11.35,70.93333333333334,87.04642857142856,14.0,76.45,49.15
74.6,9.019999999999998,30.1,30.7,14.25,271.3333333333333,26.85,53.5,104.0,180.83333333333331,7.707882352941178,70.6,24.5,28.7,42.625,109.5,42.16428571428572,13.0,18.05,36.6,182.84615384615384,444.5,29.8,20.65,47.7,31.7,24.16333333333333,24.1,387.0,22.71160714285714,18.8,51.39166666666667,7.280714285714287,36.35,10.838461538461539,13.65,16.815625,58.6,37.90952380952381,31.399999999999995,28.66818181818181,61.75384615384616,81.9,48.25,50.66666666666666,28.857352941176465,22.145,96.5,62.65333333333334,14.15,60.86666666666667,14.95,35.2,10.3,11.75,22.65,19.4,224.5,187.5,23.9,9.41,26.254,8.53,10.05,13.65,19.0,8.2,18.15,57.3,116.52777777777777,13.9,49.5,67.4,18.182142857142857,90.9,33.81666666666667,94.7,148.5,36.38333333333333,55.0,8.85,105.5,60.425,71.5,425.5,35.65,212.5,15.9,190.25,186.0,92.15,258.0,41.3,85.025,37.15,35.5,33.6,57.40869565217392,71.2,60.8,70.5,29.851827242524923,527.75,19.7,55.8,382.0,251.5,33.4,11.5,161.58333333333334,37.384615384615394,85.39722222222224,42.7,129.48333333333332,97.0,288.45,61.56666666666666,226.0,43.0,11.040163934426232,98.50588235294116,278.0,346.03571428571433,16.45,15.950625,54.5,47.55,9.28,20.0,13.3421875,24.0,12.15,11.15,19.074,15.75,210.25,2885.0,102.0,11.349999999999998,71.0,87.01249999999997,14.05,76.4,49.12173913043479
74.6,9.02,30.15,30.65,14.25,271.0,26.85,53.6,104.4,181.0,7.72,70.6,24.5,28.7,42.6,109.5,42.11600000000001,13.025,18.075000000000006,36.6,182.5,443.5,29.8,20.6,47.6,31.7,24.15,24.1,387.0,22.716666666666665,18.841666666666665,51.292857142857144,7.2799999999999985,36.325,10.846875,13.6,16.75,58.6,37.833333333333336,31.4,28.69347826086956,61.790410958904104,81.89999999999998,48.22916666666666,50.65,28.85,22.147619047619052,96.4,62.74999999999999,14.15,60.9,14.95,35.2,10.3375,11.75,22.6375,19.4,224.0,188.0,23.9,9.41,26.254424778761067,8.53,10.05,13.65,19.0,8.2,18.15,57.4,116.5,13.949999999999998,49.55,67.4,18.15,90.88888888888887,33.8,94.7,148.55555555555554,36.427777777777784,55.0,8.85,105.5,60.42083333333333,71.5,424.5,35.55,212.0,15.941666666666668,190.5,186.5,92.1,257.5,41.3,84.92,37.1875,35.45,33.65,57.40232558139535,71.16666666666667,60.8,70.55,29.866666666666664,528.0,19.7,55.8,382.08333333333326,251.5,33.35,11.5,161.54347826086956,37.3,85.4,42.70000000000001,129.35897435897436,96.9,288.0,61.56666666666666,224.83333333333331,43.0,11.048275862068962,98.5,278.0,346.0,16.421929824561406,15.95,54.45263157894736,47.53863636363636,9.281891891891894,19.95,13.35,24.04,12.15,11.2,19.075000000000006,15.79,210.5,2885.0,102.0,11.35,71.0,87.09999999999998,14.0,76.45,49.0
74.6,9.02,30.1,30.649999999999995,14.25,271.5,26.85,53.5,104.0,180.83333333333331,7.724166666666666,70.6,24.5,28.7,42.65,109.5,42.16904761904762,13.0,18.05,36.6,182.5,444.5,29.8,20.65,47.7,31.85,24.16333333333333,24.1,387.0,22.70147058823529,18.8,50.96666666666667,7.2799999999999985,36.35,10.800000000000002,13.65,16.8,58.65000000000001,37.91428571428571,31.4,28.66818181818181,61.82727272727272,81.9,48.25,50.65000000000001,28.81,22.1375,96.45,62.65000000000001,14.15,60.86666666666667,14.95,35.2,10.3,11.755555555555556,22.625,19.45,224.5,187.5,23.91,9.41,26.257534246575347,8.53,10.0,13.666666666666664,19.0,8.2,18.15,57.4,116.5,13.9,49.5,67.3,18.182142857142857,90.90000000000002,33.81666666666667,94.7,148.5,36.4,55.0,8.85,105.5,60.425,71.5,425.5,35.55,212.5,15.9,190.5,186.9,92.15,258.0,41.3,84.9,37.2,35.45,33.6,57.33770491803278,71.2,60.75,70.5,29.851827242524923,528.0,19.7,55.81999999999999,382.5,251.5,33.4,11.5,161.28571428571428,37.304761904761904,85.39090909090909,42.720588235294116,129.46875,96.8,288.45,61.6,226.0,42.95000000000001,11.05,98.5,278.1666666666667,346.03571428571433,16.444117647058825,15.95,54.43142857142857,47.54999999999999,9.28375,19.99285714285714,13.333333333333332,24.05,12.1,11.175,19.1,15.8,210.5,2885.0,102.0,11.35,70.9,87.0,14.045454545454545,76.4,49.0
74.59130434782608,9.02,30.15,30.649999999999995,14.25,271.0,26.9,53.6,104.0,181.0,7.72,70.6,24.5,28.7,42.65,109.5,42.1125,13.025,18.05,36.6,182.5,445.5,29.8,20.65,47.6,31.8,24.15,24.12,387.0,22.700000000000006,18.825000000000006,51.292857142857144,7.273333333333331,36.325,10.80217391304348,13.65,16.75,58.6,37.892857142857146,31.4,28.7,61.81219512195123,81.89999999999998,48.2,50.67777777777778,28.85,22.149999999999995,96.45,62.676190476190484,14.15,60.85,14.95,35.2,10.3,11.75,22.6,19.45,224.0,188.0,23.9,9.409999999999998,26.25,8.53,10.004545454545452,13.65,18.957142857142856,8.200499999999998,18.105172413793106,57.48333333333333,116.58333333333331,13.9,49.55,67.32499999999999,18.15,90.9,33.833333333333336,94.7,148.5,36.45,55.01481481481483,8.85,105.5,60.5,71.5,424.5,35.55,212.0,15.9,190.5,187.0,92.1,258.0,41.25833333333333,85.0,37.2,35.45,33.60833333333333,57.20833333333334,71.2,60.7,70.55,29.91666666666667,528.0,19.7,55.68409090909092,382.08333333333326,251.5,33.35,11.5,161.125,37.38591549295775,85.3531914893617,42.7,129.53846153846158,96.8,288.0,61.6,224.83333333333331,43.0,11.03,98.55,278.0,345.57142857142856,16.432142857142857,15.95,54.405,47.55,9.282413793103448,20.0,13.3,24.03,12.1375,11.199999999999998,19.093055555555555,15.8,210.5,2885.0,101.91666666666669,11.344736842105265,70.95,87.0,14.042857142857144,76.2,49.01000000000001
74.6,9.02,30.15,30.649999999999995,14.25,271.0,26.85,53.4,104.5,180.83333333333331,7.714999999999999,70.63333333333333,24.5,28.7,42.625,109.5,42.175,13.050000000000002,18.05,36.7,182.04545454545453,445.5,29.8,20.65,47.7,31.8,24.2,24.1,387.0,22.7,18.793333333333337,50.96666666666667,7.2799999999999985,36.35,10.797609561752989,13.64,16.800000000000004,58.65000000000001,37.90833333333333,31.4,28.7,61.8,81.89999999999998,48.22000000000001,50.70000000000001,28.850000000000005,22.159375,96.4,62.62307692307692,14.15,60.89999999999999,14.95,35.2,10.3,11.758333333333333,22.625,19.45,224.5,187.5,23.91,9.417272727272726,26.252,8.53,10.0,13.65,19.0,8.208750000000002,18.1,57.5,117.0,13.9,49.55,67.3,18.153846153846157,90.90000000000002,33.8,94.7,148.0,36.45,55.0,8.85,105.42857142857143,60.42307692307693,71.5,425.5,35.55,212.5,15.9,190.3,187.0,92.15,258.0,41.25,84.9,37.15,35.45,33.6,57.20000000000001,71.2,60.7,70.5,29.95,528.0,19.7,55.53623188405797,382.0,251.5,33.35,11.5,161.65,37.37307692307692,85.35454545454544,42.7,129.5909090909091,96.84,288.45,61.6,226.0,42.95,11.012280701754387,98.55357142857143,278.2,345.33333333333326,16.45,15.95,54.33464052287582,47.541573033707856,9.28,20.0,13.333333333333332,24.03333333333333,12.15,11.2,19.1,15.8,210.4090909090909,2885.0,102.0,11.363986013986011,71.0,87.0,14.042857142857144,76.4,49.065384615384616
74.59130434782608,9.03,30.15,30.649999999999995,14.25,271.0,26.9,53.6,104.5,181.0,7.715,70.7,24.5,28.7,42.65,109.5,42.115,13.025,18.075000000000006,36.8,182.5,445.5,29.8,20.65,47.6,31.8,24.14672131147541,24.1,387.0,22.716666666666665,18.78333333333333,50.93333333333334,7.2799999999999985,36.325,10.78,13.65,16.8,58.6,37.92857142857143,31.4,28.7,61.750943396226425,81.89999999999998,48.25,50.7,28.85,22.2,96.4,62.63636363636363,14.15,60.85,14.949999999999998,35.166666666666664,10.341666666666667,11.8,22.6,19.425,224.0,188.0,23.9,9.42,26.25,8.53,10.004545454545452,13.65,18.957142857142856,8.21,18.15,57.5,116.5,13.9,49.55,67.3,18.15,90.90000000000002,33.85,94.7,148.5,36.4625,55.0,8.84,105.5,60.5,71.5,424.5,35.55,211.5,15.9,190.5,187.0,92.1,258.0,41.296428571428564,84.9,37.2,35.46250000000001,33.614285714285714,57.25,71.15,60.8,70.55,29.91666666666667,527.6521739130435,19.700510204081628,55.4,382.08333333333326,251.5,33.35,11.5,161.5,37.352631578947374,85.4,42.66136363636364,129.91666666666666,96.86666666666667,288.0,61.6,225.5,43.0,11.039655172413793,98.5,278.0,345.5,16.45,15.95,54.41388888888889,47.58958333333334,9.28,20.030246913580246,13.3,24.027777777777782,12.15,11.199999999999998,19.1,15.8,211.0,2885.0,102.0,11.349999999999998,71.0,87.00399999999998,14.033333333333333,76.2,49.1125
74.5,9.03,30.15,30.65,14.25,271.0,26.899999999999995,53.4,104.5,180.83333333333331,7.71,70.63333333333333,24.5,28.7,42.65,109.5,42.142857142857146,13.052941176470588,18.05,36.7,182.0,445.5,29.8,20.65,47.7,31.8,24.2,24.1,387.0,22.70197368421053,18.8,51.0,7.28,36.35,10.8,13.641666666666666,16.800000000000004,58.7,38.0,31.4,28.7,61.79047619047618,81.89999999999998,48.25,50.7,28.85,22.209523809523805,96.48,62.59545454545454,14.15,60.9,14.95,35.2,10.3,11.758333333333333,22.625,19.45,224.5,187.5,23.91,9.417272727272726,26.25,8.53,10.0,13.65,19.0,8.2,18.15,57.49375,117.0,13.949999999999998,49.55,67.3,18.176666666666666,90.90000000000002,33.8,94.7,148.0,36.475,55.0,8.85,105.25,60.4,71.50909090909092,425.5,35.55,212.0,15.948275862068966,190.5,187.0,92.15,258.0,41.25,85.0,37.2,35.45,33.65,57.2,71.1,60.7,70.5,30.0,528.0,19.75,55.43888888888889,382.0,251.5,33.4,11.5,161.66666666666666,37.352941176470594,85.4857142857143,42.66913580246914,129.5,96.84,288.45,61.575,225.5,42.95,11.041803278688526,98.5,278.0,345.41666666666674,16.45,16.0,54.47000000000001,47.60000000000001,9.281999999999998,20.068181818181817,13.35,24.05,12.125,11.2,19.1,15.8,211.0,2885.0,102.0,11.35,71.0,87.0,14.042857142857144,76.25,49.1576923076923
74.59130434782608,9.03,30.15,30.7,14.25,271.0,26.8625,53.6,104.5,181.0,7.710000000000001,70.56,24.5,28.7,42.625,109.5,42.1,13.025,18.075000000000006,36.8,182.25,445.5,29.85,20.65,47.65,31.8,24.14672131147541,24.100000000000005,386.5,22.701282051282053,18.78333333333333,51.1,7.288333333333334,36.325,10.75,13.65,16.8,58.707692307692305,38.0,31.4,28.71333333333333,61.79142857142857,81.89999999999998,48.225,50.7,28.85,22.297360703812323,96.5,62.59166666666667,14.15,60.9,14.95,35.2,10.341666666666667,11.8,22.630000000000006,19.4,224.0,188.0,23.9,9.42,26.25,8.53,10.0,13.65,18.957142857142856,8.2,18.1,57.5,117.0,13.9,49.55,67.3,18.15,90.9,33.833333333333336,94.7,148.0,36.4625,55.1,8.85,105.16666666666669,60.5,71.5,424.5,35.55,211.5,15.9,190.5,187.0,92.1,258.0,41.296428571428564,84.9,37.2,35.46250000000001,33.65,57.2,71.15,60.7,70.55,30.0,527.3333333333334,19.75,55.5,382.08333333333326,251.0,33.4,11.5,161.625,37.35833333333334,85.42058823529412,42.7,129.94444444444446,96.86666666666667,288.5,61.6,225.5,43.0,11.021052631578947,98.56521739130434,277.98148148148147,345.5,16.45,16.0,54.5,47.590384615384615,9.283809523809524,20.1,13.35,24.0,12.15,11.2,19.081395348837212,15.8,210.5,2885.0,101.75,11.35,71.0,87.1,14.05,76.2,49.2025
74.5,9.025652173913043,30.15,30.8,14.25,271.0,26.899999999999995,53.4,104.73846153846155,180.83333333333331,7.7,70.63333333333333,24.5,28.7,42.65,109.5,42.10357142857144,13.1,18.05,36.7,182.13636363636363,445.5,29.8,20.65,47.7,31.85,24.2,24.1,387.0,22.72555555555556,18.8,51.1,7.285937500000001,36.35,10.75,13.650000000000002,16.772222222222226,58.8,37.8125,31.4,28.7,61.78064516129032,81.89999999999998,48.2,50.61666666666667,28.85,22.41567164179104,96.4,62.6,14.15,61.0,14.95,35.2,10.35,11.8,22.65,19.401612903225807,224.5,188.5,23.91,9.417272727272726,26.250657894736843,8.52,10.0,13.65,19.0,8.206666666666667,18.1,57.5,117.0,13.949999999999998,49.6,67.3,18.15625,90.9,33.8,94.7,148.0,36.475,55.1,8.85,105.5,60.4,71.5,424.5,35.55,212.0,15.948275862068966,190.66666666666663,187.0,92.13333333333333,258.0,41.25,85.0,37.25,35.45,33.614285714285714,57.2,71.2,60.8,70.60000000000002,30.0,527.0,19.745833333333334,55.56666666666666,382.0,251.0,33.370000000000005,11.520454545454545,161.75,37.3525641025641,85.5,42.70000000000001,130.0,96.85,288.5,61.58333333333334,225.5,43.08119266055047,11.05,98.52222222222224,278.44444444444446,345.5,16.477358490566033,16.0,54.5,47.6,9.284999999999998,20.1,13.349999999999998,24.05,12.15,11.2,19.086144578313245,15.8,211.0,2880.0,102.0,11.35,71.0,87.01304347826088,14.04090909090909,76.3,49.238888888888894
74.59130434782608,9.02,30.15,30.7,14.25,271.0,26.9,53.6,105.11666666666666,181.0,7.6984615384615385,70.56,24.5,28.7,42.625,109.5,42.15,13.1,18.1,36.8,182.25,445.5,29.850000000000005,20.65,47.65,31.8,24.14672131147541,24.100000000000005,386.0,22.7,18.85,51.1,7.29,36.35,10.75,13.65,16.8,58.8,37.82307692307692,31.4,28.745,61.72758620689655,82.0,48.25,50.7,28.9,22.34727272727273,96.4,62.6,14.15,60.9,15.0,35.2,10.35,11.8,22.630000000000006,19.4,224.0,188.0,23.9,9.41,26.25625,8.53,10.004545454545452,13.65,19.0,8.202564102564102,18.141666666666666,57.5,116.58333333333331,13.9,49.6,67.3,18.15,90.9,33.84,94.7,148.0,36.4625,55.125,8.85,105.0,60.5,71.5625,424.5,35.55,212.0,15.9,191.0,187.0,92.2,258.0,41.35,85.06,37.2,35.45,33.65,57.2,71.2,60.8,70.55,30.02083333333334,528.0,19.74579945799458,55.5,382.08333333333326,251.0,33.4,11.523684210526314,161.5,37.345652173913045,85.5,42.7,129.875,96.9,288.5,61.58,225.5,43.26447368421053,11.05,98.5,278.1666666666667,345.5,16.5,16.0,54.5,47.582352941176474,9.28,20.1,13.349999999999998,24.04705882352941,12.15,11.199999999999998,19.075,15.8,210.5,2885.0,102.0,11.35,71.0,87.00999999999998,14.033333333333333,76.3,49.3
74.5,9.02,30.15,30.8,14.25,271.0,26.875,53.4,105.5,180.83333333333331,7.7,70.5,24.55,28.7,42.641666666666666,109.5,42.125,13.15,18.1,36.7,182.13636363636363,445.5,29.8,20.65,47.7,31.85,24.1,24.15,386.5,22.746153846153845,18.8,51.1,7.3,36.35,10.75,13.60090909090909,16.85,58.8,37.8,31.4,28.72820512820513,61.74166666666667,82.0,48.25,50.61666666666667,28.894444444444442,22.363461538461536,96.4,62.6,14.2,60.96666666666667,14.95,35.2,10.313636363636364,11.75,22.65,19.401612903225807,224.5,189.0,23.91,9.42,26.25,8.531525423728812,10.0,13.65,19.0,8.21,18.116666666666667,57.5,117.0,13.949999999999998,49.65,67.3,18.15,90.925,33.8,94.675,148.0,36.45,55.20000000000001,8.85,105.5,60.5,71.5,424.5,35.65,212.0,15.948275862068966,191.0,187.0,92.2,258.0,41.25,85.03999999999998,37.25,35.45,33.7,57.2,71.1,60.79999999999999,70.6,30.0,528.0,19.75,55.426315789473676,382.0,251.0,33.375,11.5,161.9,37.353125,85.5,42.7,129.53571428571428,96.85,289.0,61.56666666666666,225.5,43.36428571428571,11.019767441860466,98.55,278.3333333333333,345.0,16.5,16.0,54.52432432432433,47.61749999999999,9.288,20.066666666666666,13.35,24.05,12.1375,11.2,19.08265306122449,15.8,210.625,2885.0,102.0,11.35,71.0,87.02000000000002,14.05,76.3,49.275
74.59130434782608,9.02,30.15,30.7,14.25,271.0,26.9,53.6,105.5,181.0,7.7,70.6,24.55,28.704166666666666,42.65,109.5,42.10833333333333,13.15,18.1,36.8,182.25,445.5,29.864285714285717,20.6,47.55,31.8,24.14672131147541,24.15,386.0,22.75,18.85,51.1,7.299999999999999,36.35,10.75,13.6,16.822,58.775,37.8,31.4,28.75,61.73913043478261,82.0,48.25,50.7,28.9,22.39375,96.5,62.65000000000001,14.15,60.9,14.95,35.2,10.35,11.8,22.630000000000006,19.35,224.0,188.0,23.9,9.41,26.3,8.53,10.004545454545452,13.65,19.0,8.202564102564102,18.141666666666666,57.5,116.75,13.902380952380954,49.7,67.3,18.125,90.9,33.85,94.7,148.0,36.475,55.2,8.85,105.33333333333331,60.4,71.50833333333334,424.5,35.65,212.0,15.9,190.75,187.0,92.2,258.0,41.325,85.20714285714284,37.2,35.45,33.65,57.290909090909096,71.1,60.8,70.55,30.02083333333334,527.3333333333334,19.793548387096774,55.3,383.0,251.0,33.35277777777778,11.5,161.5,37.364285714285714,85.42500000000003,42.7,129.5,96.9,288.5,61.6,225.5,43.35,11.028,98.53846153846152,278.25,345.5,16.5,15.949999999999998,54.5,47.64333333333333,9.282,20.1,13.4,24.038888888888888,12.15,11.2,19.082352941176477,15.8,210.5,2885.0,102.0,11.346153846153848,71.0,87.05,14.0,76.3,49.20454545454545
74.5,9.019622641509434,30.15,30.8,14.25,271.0,26.9,53.4,105.5,180.83333333333331,7.7,70.5,24.55,28.7,42.65,109.5,42.075,13.175,18.1,36.7,182.13636363636363,445.5,29.8,20.65,47.7,31.8,24.1,24.15,386.5,22.75,18.8,51.13333333333333,7.308227272727272,36.35,10.75,13.6,16.776744186046514,58.8090909090909,37.78,31.45,28.75,61.7,82.0,48.25,50.8,28.9,22.396,96.46666666666664,62.62857142857143,14.2,61.0,14.95,35.2,10.313636363636364,11.75,22.600000000000005,19.385714285714286,224.5,189.0,23.946296296296296,9.41,26.258333333333336,8.531525423728812,10.0,13.65,19.0,8.206666666666667,18.105555555555554,57.4,117.0,13.95,49.8,67.39574468085107,18.1,91.0,33.85,94.675,148.0,36.45,55.2,8.85,105.2,60.5,71.57692307692308,424.5,35.7,212.0,15.948275862068966,191.0,187.0,92.2,257.5,41.35,85.35555555555554,37.25,35.45,33.6,57.2,71.1,60.7,70.6,30.0,528.0,19.798333333333336,55.4,382.0,251.0,33.4,11.5125,161.5,37.380555555555546,85.4625,42.7,129.57142857142858,96.85,289.0,61.6,225.5,43.35,11.05,98.5,278.0,345.33333333333326,16.5,16.0,54.5,47.65,9.2853125,20.066666666666666,13.350531914893615,24.0,12.108518518518519,11.158333333333333,19.098780487804888,15.85,211.0,2885.0,102.0,11.346666666666668,71.0,87.0,14.05,76.2,49.2
74.59130434782608,9.016153846153843,30.15,30.7,14.25,271.25,26.9,53.6,105.5,180.1818181818182,7.7,70.6,24.55,28.704166666666666,42.7,109.5,42.1,13.15,18.09,36.8,182.5,445.5,29.85,20.6,47.7,31.79545454545455,24.14672131147541,24.149999999999995,386.0,22.751923076923074,18.85,51.10000000000001,7.309999999999999,36.35,10.75,13.6,16.7625,58.9,37.75,31.4,28.703260869565216,61.70000000000001,82.01666666666667,48.25,50.76666666666667,28.9,22.392307692307693,96.53333333333336,62.62000000000001,14.2,60.9,14.95,35.207142857142856,10.3,11.75,22.64,19.4,224.0,188.0,23.9,9.4125,26.266666666666666,8.53,10.004545454545452,13.65,19.0,8.202564102564102,18.1,57.5,116.75,13.902380952380954,49.73333333333333,67.3,18.15,90.9,33.85,94.7,147.9,36.45,55.20000000000001,8.85,105.5,60.4,71.52777777777777,424.5,35.7,212.0,15.9,191.0,187.0,92.2,258.0,41.35,85.38,37.2,35.45,33.6,57.2,71.1,60.70000000000001,70.55,30.02083333333334,528.0,19.800000000000004,55.375,383.0,251.0,33.36666666666667,11.5,161.5,37.369354838709675,85.45384615384616,42.7,129.8125,96.9,288.5,61.6,225.5,43.40689655172414,11.04818181818182,98.50588235294116,278.0,345.5,16.5,15.958333333333336,54.5421875,47.65,9.28,20.1,13.35,24.05,12.15,11.2,19.1,15.85,210.5,2885.0,102.0,11.35,71.0,87.0,14.0,76.3,49.20454545454545
74.55,9.02,30.18333333333333,30.8,14.25,271.5,26.856250000000006,53.4,106.05319148936172,180.5,7.7,70.5,24.55,28.7,42.65,109.5,42.1,13.15,18.15,36.7,182.13636363636363,445.5,29.9,20.6,47.7,31.8,24.1,24.14,386.5,22.755000000000006,18.83823529411765,51.1,7.314262295081968,36.35,10.783333333333335,13.65,16.783333333333335,58.8090909090909,37.78,31.45,28.71290322580645,61.7,82.0,48.25,50.8,28.90217391304348,22.36923076923077,96.8,62.6375,14.2,60.96666666666667,14.95,35.2,10.35,11.750420168067224,22.600000000000005,19.4,224.5,188.0,23.9,9.42,26.264285714285716,8.54,10.0,13.690625,18.972222222222218,8.21,18.1,57.405555555555544,117.0,13.9,49.85,67.4,18.14727272727273,91.0,33.85,94.7,148.0,36.49545454545454,55.23333333333333,8.85,105.5,60.5,71.6,424.5,35.7,212.0,15.948275862068966,190.5,187.0,92.2,257.5,41.35,85.38333333333334,37.2,35.457142857142856,33.65,57.25,71.2,60.8,70.6,30.075000000000006,528.0,19.79826589595376,55.40000000000001,382.0,251.0,33.49204545454545,11.503846153846155,161.58333333333334,37.35,85.4037037037037,42.7,129.6,96.83333333333331,289.0,61.5875,225.5,43.39411764705881,11.018181818181818,98.5,278.0,345.58333333333326,16.473333333333333,16.0,54.5,47.66562500000001,9.28,20.08225806451613,13.374999999999998,24.05,12.15,11.2,19.1,15.85,210.5,2885.0,102.0,11.349999999999998,71.0,87.0,14.045833333333334,76.3,49.2
74.6,9.021944444444443,30.15,30.7,14.25,271.0,26.85,53.4,106.0875,180.1818181818182,7.7,70.5,24.55,28.704166666666666,42.6,109.5,42.1,13.15,18.09,36.8,182.5,445.5,29.85,20.6,47.7,31.8,24.14672131147541,24.15,386.0,22.800000000000004,18.8,51.10000000000001,7.320000000000002,36.35,10.75,13.6,16.8,59.0,37.95,31.45,28.65,61.70000000000001,82.0,48.25,50.792857142857144,28.9,22.383333333333336,96.825,62.60666666666667,14.15,61.0,14.95,35.207142857142856,10.3,11.75,22.6,19.4,224.0,188.0,23.9,9.4125,26.3,8.53,10.004545454545452,13.65,19.0,8.202564102564102,18.1,57.4,116.64285714285714,13.902380952380954,49.73333333333333,67.40714285714286,18.15833333333333,91.0,33.85,94.7,147.9,36.520833333333336,55.292857142857144,8.85,105.5,60.4,71.5,424.5,35.7,212.0,15.9,191.0,187.0,92.2,258.0,41.35,85.4875,37.2,35.45,33.61875,57.3,71.1,60.70000000000001,70.55,30.1,528.0,19.828260869565216,55.375,383.0,251.0,33.4,11.522222222222224,161.5,37.35,85.40833333333335,42.7,129.90625,96.8,288.5,61.6,226.0,43.436842105263146,11.001186440677968,98.53333333333332,278.0,345.5,16.5,15.975,54.564285714285724,47.695402298850574,9.28,20.07857142857143,13.35,24.05,12.15,11.199999999999998,19.10384615384616,15.85,210.5,2885.0,102.0,11.35,71.0,87.0,14.050000000000002,76.3,49.20454545454545
74.6,9.03,30.2,30.8,14.25,271.0,26.9,53.4,106.0,180.5,7.7,70.42,24.55,28.7,42.7,109.5,42.125,13.15,18.05,36.8,182.28571428571428,445.5,29.85,20.6,47.7,31.8,24.1,24.15,386.5,22.75,18.83823529411765,51.1,7.3174276527331195,36.35,10.8,13.65,16.8,59.15000000000001,37.95,31.45,28.71290322580645,61.62777777777779,82.0,48.25,50.79999999999999,28.899999999999995,22.380434782608692,96.9,62.6,14.2,60.96666666666667,14.95,35.2,10.35,11.750420168067224,22.600000000000005,19.4,224.5,188.0,23.9,9.42,26.28983050847458,8.54,10.0,13.65,19.0,8.2,18.17089947089947,57.405555555555544,116.5,13.95,49.85,67.4,18.2,91.0,33.85,94.7,148.0,36.5,55.23333333333333,8.86,105.1153846153846,60.5,71.51,424.5,35.7,212.0,15.948275862068966,191.0,187.0,92.2,257.5,41.35,85.5,37.225,35.45,33.6,57.30384615384616,71.2,60.8,70.6,30.075000000000006,528.6,19.85,55.4,382.0,251.0,33.456250000000004,11.5,161.5,37.35,85.475,42.73260869565217,129.5,96.9,289.0,61.5875,225.5,43.45,11.027777777777775,98.5,278.42857142857144,345.875,16.5,16.0,54.6,47.7,9.28655172413793,20.058333333333334,13.377777777777776,24.05,12.15,11.175,19.15,15.8,210.75,2885.0,102.0,11.35566448801743,71.0,87.00833333333333,14.05,76.3,49.2
74.6,9.021944444444443,30.15,30.7,14.25,271.0,26.9,53.4,105.85,180.0,7.699999999999998,70.4,24.55,28.704166666666666,42.7,109.5,42.1375,13.15,18.09,36.8,182.5,445.5,29.85,20.6,47.7,31.8,24.14672131147541,24.15,386.0,22.8,18.8,51.10000000000001,7.326076923076923,36.35,10.8,13.6,16.8,59.0,37.95,31.4625,28.65,61.6090909090909,82.0,48.20000000000001,50.85714285714285,28.9,22.4,96.9,62.577777777777776,14.2125,60.92,14.95,35.207142857142856,10.337037037037037,11.75,22.65,19.4,224.0,188.5,23.9,9.41,26.3,8.53,10.004545454545452,13.65,19.0,8.2,18.21,57.4,117.0,13.949999999999998,49.9,67.4,18.15,91.0,33.85,94.7,147.9,36.520833333333336,55.235294117647065,8.86,105.0,60.5,71.58,424.5,35.85,212.0,15.9,191.0,187.0,92.3,258.0,41.35000000000001,85.54166666666667,37.2,35.45,33.65,57.2,71.2,60.8,70.55,30.1,528.8571428571429,19.858064516129037,55.375,383.0,251.0,33.5,11.5,161.58333333333334,37.35,85.5,42.7,129.91666666666666,96.9,289.0,61.61875,226.0,43.45,11.050000000000002,98.51,278.5,345.5,16.5,15.95,54.6,47.7,9.28425,20.083333333333336,13.400000000000002,24.05,12.14,11.2,19.15,15.833333333333336,210.75,2885.0,102.0,11.385714285714286,71.0,87.0,14.05,76.3,49.22727272727273
74.6,9.04,30.15,30.85,14.25,271.5,26.9,53.4,105.5,180.0,7.7,70.4,24.55,28.7,42.7,109.5,42.1340909090909,13.15,18.05,36.8,182.28571428571428,445.5,29.85,20.55,47.7,31.8,24.1,24.15,386.5,22.758333333333336,18.83823529411765,51.2,7.3308536585365855,36.35,10.800000000000002,13.633333333333333,16.775,59.15000000000001,37.95,31.5,28.65,61.4608695652174,82.0,48.2,50.9,28.879999999999995,22.39375,96.83333333333331,62.53333333333333,14.2,60.96666666666667,14.95,35.2,10.35,11.75,22.600000000000005,19.44903846153846,224.5,188.0,23.9,9.413548387096776,26.300000000000004,8.54,10.0,13.65,19.0,8.2,18.239473684210527,57.4,117.0,13.95,49.85,67.4,18.15,91.19,33.85,94.7,148.0,36.5,55.2,8.86,105.0,60.5,71.6,424.5,35.85,212.0,15.949999999999998,191.2692307692308,187.0,92.2,257.5,41.35,85.5,37.2375,35.45,33.65,57.325,71.11999999999998,60.8,70.6,30.1,529.0,19.897916666666664,55.4,382.0,251.5,33.48529411764706,11.5,161.5,37.35625,85.5,42.7,129.7391304347826,96.9,289.375,61.675,225.5,43.448717948717956,11.032758620689657,98.51666666666668,278.5,345.875,16.5,16.0,54.60000000000001,47.7,9.29,20.094,13.397058823529413,24.05,12.107983193277311,11.2,19.15,15.8,210.75,2885.0,101.83333333333331,11.4,71.0,87.0,14.05,76.3,49.303125
74.6,9.035,30.15,30.7,14.25,271.5,26.9,53.4,105.53571428571428,180.0,7.700000000000001,70.4,24.6,28.704166666666666,42.7,109.5,42.1375,13.15,18.1,36.8,182.5,445.5,29.8,20.6,47.7,31.8,24.14672131147541,24.15,386.0,22.8,18.8,51.175,7.337142857142857,36.35,10.8,13.6,16.7625,59.0,37.95,31.5,28.7,61.288888888888884,82.0,48.25,50.89999999999999,28.87,22.39807692307692,97.0,62.6,14.2,60.9,14.95,35.207142857142856,10.35,11.75,22.6,19.4,224.0,188.5,23.9,9.42,26.3,8.53,10.004545454545452,13.65,19.0,8.2,18.263636363636362,57.4,117.0,13.95,49.9,67.4,18.16923076923077,91.25,33.85,94.68571428571428,148.25,36.5,55.21250000000001,8.86,105.2,60.5,71.6,424.5,35.85,212.0,15.9,191.5,187.0,92.3,258.0,41.4,85.53333333333335,37.25,35.5,33.65,57.3,71.2,60.7,70.6,30.100000000000005,529.25,19.883333333333333,55.35,383.0,251.0,33.5,11.5,161.5,37.39,85.4109375,42.7375,129.7,96.9,289.0,61.7,226.0,43.44878048780489,11.027083333333332,98.5,278.5263157894737,346.0,16.466666666666665,15.95,54.65833333333333,47.72467532467533,9.29,20.1,13.400000000000002,24.016666666666666,12.1,11.2,19.15,15.85,210.5,2885.0,102.0,11.385714285714286,71.00833333333333,87.0,14.05,76.3,49.42941176470589
74.65,9.04,30.15,30.9,14.25,272.0,26.9,53.4,105.0,180.0,7.7101851851851855,70.4,24.55,28.7,42.7,109.5,42.17692307692308,13.175,18.05,36.9,182.0,445.5,29.85,20.55,47.7,31.8,24.1,24.15,386.5,22.80810810810811,18.83823529411765,51.2,7.331111111111111,36.4,10.800000000000002,13.6,16.8,59.15000000000001,37.964285714285715,31.5,28.65,61.3,81.95,48.2,50.88333333333333,28.904999999999994,22.4,96.86666666666667,62.525,14.25,60.90000000000001,14.95,35.2,10.35,11.75,22.625,19.45,224.5,188.5,23.9,9.413548387096776,26.29333333333333,8.54,10.0,13.65,18.95,8.2,18.25,57.4,117.0,13.949999999999998,49.9,67.4,18.191666666666666,91.27142857142859,33.86086956521739,94.72,148.0,36.5,55.188888888888904,8.86,105.5,60.4,71.7,425.0,35.85,212.0,15.949999999999998,191.5,187.0,92.3,257.5,41.35,85.4,37.25,35.45,33.6,57.38571428571429,71.1,60.8,70.6,30.1,530.0,19.9,55.38571428571429,383.0,251.5,33.48529411764706,11.5,161.5,37.35526315789474,85.43829787234044,42.743055555555564,129.77272727272728,96.875,289.375,61.66666666666666,226.0,43.46250000000001,11.045454545454543,98.5,278.94444444444446,346.0,16.5,15.949999999999998,54.68636363636365,47.70454545454545,9.29,20.063333333333336,13.4,24.100000000000005,12.108333333333334,11.199999999999998,19.1125,15.80483870967742,210.6,2890.0,101.5,11.4,71.1,87.0,14.035714285714285,76.3,49.4
74.6,9.048865979381443,30.15,30.85,14.25,272.0,26.9,53.4,104.546511627907,180.0,7.700000000000001,70.4,24.6,28.7,42.66935483870968,109.5,42.11923076923077,13.2,18.1,36.8,182.5,445.5,29.8,20.55,47.7,31.8,24.1,24.15,386.0,22.8,18.827777777777783,51.1,7.329882352941178,36.35,10.8,13.6,16.75,59.38333333333333,37.975,31.5,28.7,61.352941176470594,81.95,48.2,50.83333333333334,28.885714285714283,22.4,96.8,62.5,14.25,60.9,14.95,35.207142857142856,10.3,11.75,22.6,19.4,224.0,188.5,23.9,9.42,26.2939393939394,8.53,10.05,13.666666666666664,19.0,8.2,18.25,57.4,116.72222222222223,13.94,49.95,67.4,18.16923076923077,91.2,33.85,94.8,148.25,36.5,55.21250000000001,8.86,105.5,60.5,71.69000000000003,425.5,35.85,212.0,15.975,191.5,187.0,92.2,258.0,41.4,85.53333333333335,37.225,35.45,33.604166666666664,57.3,71.2,60.73333333333333,70.6,30.1,530.0,19.88787878787879,55.38260869565217,383.0,251.5,33.5,11.5,161.33333333333334,37.355,85.41250000000002,42.7,130.0,96.9,289.0,61.64,226.0,43.4625,11.05,98.50344827586208,278.5,346.0,16.48846153846154,15.95,54.68636363636365,47.75,9.29,20.1,13.35,24.05,12.11,11.2,19.141666666666666,15.8,210.5,2890.0,102.0,11.4,71.1,87.0,14.0,76.3,49.40208333333334
74.65,9.06,30.15,30.9,14.25,271.625,26.95,53.40625,104.6875,180.0,7.72,70.4,24.55,28.7,42.7,109.5,42.10833333333333,13.2,18.05,36.9,182.0,445.5,29.8,20.6,47.7,31.75,24.048,24.15,386.5,22.8,18.8,51.1,7.326626506024096,36.4,10.766666666666666,13.608333333333334,16.8,59.51666666666667,37.99,31.457831325301203,28.65,61.390625,82.0,48.2,50.9,28.93,22.399999999999995,96.76666666666668,62.55,14.309615384615384,60.9,14.949999999999998,35.25,10.35,11.75,22.64705882352941,19.4125,224.5,188.5,23.9,9.41,26.3,8.53047619047619,10.0,13.65,19.0,8.2,18.222916666666666,57.4,116.7,13.95,49.9,67.3,18.15,91.2,33.86086956521739,94.72,148.25,36.5,55.2,8.86,105.0,60.4,71.7,425.0,35.85,212.0,15.985714285714286,191.5,187.0,92.3,257.5,41.36666666666667,85.33333333333333,37.3,35.45,33.6,57.38571428571429,71.1,60.8,70.6,30.06,530.0,19.89875,55.4,383.0,251.5,33.4,11.520588235294118,161.5,37.35791366906476,85.4139534883721,42.71666666666667,129.94278606965173,96.9,289.375,61.7,226.0,43.496,11.05,98.5,278.5,346.0,16.5,15.949999999999998,54.65490196078432,47.73223684210525,9.295384615384616,20.1,13.4,24.100000000000005,12.108333333333334,11.199999999999998,19.1175,15.85,210.66666666666663,2890.0,102.0,11.36,71.1,87.1,14.05,76.4,49.4
74.6,9.06,30.15,30.85,14.25,272.0,26.9125,53.4,105.1,180.5,7.72,70.4,24.6,28.7,42.75,109.5,42.1125,13.2,18.1,36.8,182.5,445.5,29.85,20.55,47.7,31.8,24.1,24.15,386.5,22.835714285714282,18.85,51.2,7.330000000000001,36.4,10.800000000000002,13.641666666666666,16.75,59.65000000000001,38.0,31.386842105263156,28.7,61.448148148148135,82.01333333333334,48.225,51.0,28.941666666666666,22.430555555555554,96.8,62.5,14.25,60.9,14.95,35.207142857142856,10.35,11.75,22.635714285714286,19.4,224.0,188.5,23.9,9.42,26.3,8.54,10.05,13.65,19.0,8.2,18.25,57.4,117.0,13.95,49.95,67.36666666666667,18.16923076923077,91.22857142857143,33.9,94.9,148.5,36.4897435897436,55.21250000000001,8.849696969696966,105.39285714285714,60.5,71.715,425.5,35.9,212.0,15.975,191.41666666666663,187.0,92.2,258.0,41.4,85.3,37.3,35.45,33.60833333333333,57.3,71.2,60.76666666666667,70.6,30.050000000000008,529.3333333333334,19.883333333333333,55.38260869565217,383.0,251.5,33.5,11.5,161.5,37.30625,85.49411764705883,42.701612903225815,129.96153846153842,96.88,289.3333333333333,61.70000000000001,226.0,43.45000000000001,11.05,98.5,278.72222222222223,346.0,16.5,15.95,54.69545454545455,47.7,9.29,20.1,13.35,24.05,12.15,11.2,19.15,15.8,210.5,2890.0,102.0,11.383333333333333,71.1,87.0,14.05,76.3,49.423684210526325
74.7,9.06,30.15,30.9,14.25,272.0,26.9125,53.40625,105.0,180.5,7.72,70.4,24.55,28.7,42.711111111111116,109.5,42.1,13.2,18.15,36.9,182.0,445.5,29.8,20.6,47.7,31.75,24.048,24.15,386.5,22.83478260869565,18.8,51.16666666666666,7.33,36.4,10.752,13.608333333333334,16.8,59.7,37.957142857142856,31.35,28.700000000000006,61.479310344827596,82.0,48.225,50.96666666666667,28.95,22.425,96.75,62.44736842105264,14.35,60.89999999999999,14.949999999999998,35.25,10.35,11.75,22.695833333333336,19.45,224.5,188.0,23.93333333333333,9.42,26.347916666666666,8.53047619047619,10.0,13.65,19.0,8.2,18.200000000000006,57.4,117.0,13.95,49.9,67.3,18.15,91.20000000000002,33.86086956521739,94.9,148.0,36.39230769230769,55.2,8.84,105.11111111111113,60.4,71.8,426.0,35.85,212.0,15.985714285714286,191.375,187.0,92.3,257.5,41.36666666666667,85.4,37.246875,35.5,33.6,57.3,71.1,60.75,70.6,30.05,529.3333333333334,19.885,55.4,383.0,251.5,33.35,11.5,161.875,37.33000000000001,85.5,42.73,129.91666666666666,97.0,289.375,61.63333333333333,226.0,43.422222222222224,11.05,98.5,278.5,346.0,16.49871794871795,15.95,54.70000000000001,47.70000000000001,9.29,20.0875,13.36875,24.0875,12.15,11.2,19.14583333333333,15.8075,210.75,2890.0,102.0,11.4,71.1,87.0,14.05,76.4,49.45
74.6,9.06,30.15,30.85,14.25,272.125,26.925,53.4,105.0,180.5,7.72,70.28571428571428,24.6,28.75,42.7,109.5,42.10555555555556,13.2,18.1,36.8,182.5,445.5,29.85,20.6,47.7,31.8,24.1,24.100000000000005,386.5,22.850000000000005,18.85,51.1,7.329999999999999,36.405,10.8,13.641666666666666,16.8,59.7,37.91666666666666,31.386842105263156,28.7,61.5,82.01333333333334,48.26666666666667,50.9,28.950980392156858,22.441666666666666,96.775,62.54166666666666,14.25,60.89999999999999,14.949999999999998,35.207142857142856,10.35,11.75,22.7,19.45,224.0,188.5,23.95,9.43,26.35,8.526666666666666,10.05,13.65,19.0,8.2,18.2,57.4,117.0,13.95,49.95,67.4,18.16923076923077,91.2,33.9,94.9,148.0,36.23,55.21250000000001,8.849696969696966,105.39285714285714,60.5,71.77499999999998,426.0,35.9,212.0,15.975,191.5,187.0,92.2,258.0,41.35,85.3,37.25,35.45,33.6,57.3,71.2,60.8,70.6,30.050000000000008,529.0,19.87222222222222,55.4,383.0,251.5,33.5,11.5,161.5,37.33,85.40476190476191,42.73807339449541,130.0,97.0,289.3333333333333,61.68333333333334,226.0,43.4,11.050555555555556,98.51428571428572,278.5,345.83333333333326,16.49659090909091,15.916666666666664,54.70000000000001,47.70344827586207,9.29,20.07,13.35,24.05,12.150000000000002,11.202439024390245,19.15,15.8,210.5,2890.0,102.0,11.400000000000002,71.1,87.0,14.05,76.3,49.45000000000001
74.7,9.062727272727274,30.2,30.9,14.25,272.0,26.9125,53.40625,105.0,180.5,7.71,70.4,24.55,28.7,42.711111111111116,109.5,42.1,13.2,18.15,36.89999999999999,183.0,445.5,29.85,20.55,47.7,31.75,24.048,24.1,386.5,22.847500000000004,18.8,51.16666666666666,7.329999999999999,36.4,10.8,13.608333333333334,16.8,59.725,37.98,31.35,28.7,61.65757575757575,82.0,48.225,51.0,28.95,22.43333333333333,96.7,62.53333333333333,14.3,60.875,14.949999999999998,35.25,10.35,11.75,22.75,19.402564102564103,224.5,188.0,23.95,9.42,26.35,8.53047619047619,10.0,13.65,19.0,8.210000000000003,18.2375,57.4,117.0,13.95,49.9,67.35,18.15,91.1125,33.86086956521739,94.9,148.5,36.18571428571429,55.2,8.84,105.0625,60.5,71.8,426.0,35.85,212.0,15.95,191.4,187.0,92.3,257.5,41.35,85.4,37.246875,35.5,33.6,57.3,71.1,60.8,70.6,30.05,528.0,19.875,55.4,383.0,251.5,33.35,11.5,161.5,37.304545454545455,85.48421052631578,42.73181818181817,129.85714285714286,97.0,289.375,61.63333333333335,225.5,43.44545454545455,11.073529411764708,98.54166666666669,278.5,345.66666666666674,16.5,15.95,54.689189189189186,47.679245283018865,9.289261083743842,20.091666666666665,13.35,24.05,12.189130434782607,11.21,19.15,15.8075,211.0,2890.0,102.0,11.372222222222225,71.1,87.0,14.05,76.5,49.45
74.6,9.06,30.15,30.85,14.25,272.5,26.91666666666667,53.4,105.0,180.5,7.714761904761906,70.4,24.6,28.75,42.7,109.5,42.14,13.175,18.1,36.8,182.83333333333331,445.5,29.85,20.6,47.7,31.8,24.1,24.1,386.5,22.85,18.85,51.1,7.330000000000001,36.4,10.8,13.605319148936172,16.799999999999994,59.76666666666667,37.93333333333333,31.362500000000004,28.690625,61.78484848484848,82.01333333333334,48.3,50.9,28.975,22.46578947368421,96.7,62.5,14.25,60.9,14.95,35.207142857142856,10.35,11.75,22.725,19.45,224.0,188.0,23.95,9.42,26.35,8.52,10.05,13.65,19.0,8.218333333333334,18.2,57.4,116.5,13.95,49.95,67.40285714285716,18.15,91.05,33.9,94.9,148.0,36.23,55.2,8.849696969696966,105.33333333333331,60.5,71.8,426.0,35.78333333333333,212.0,15.975,191.5,187.0,92.2,258.0,41.35,85.3,37.25,35.45,33.60000000000001,57.35,71.2,60.8,70.6,30.050000000000008,528.3333333333334,19.894594594594604,55.4,383.0,251.5,33.35,11.5,161.5,37.33181818181819,85.41346153846153,42.75,130.0,96.98571428571428,289.3333333333333,61.7,226.0,43.45,11.057865168539328,98.5,278.5,345.5,16.5,15.9,54.7,47.65,9.287368421052632,20.095,13.35,24.05,12.2,11.208510638297872,19.15,15.802777777777779,210.5,2890.0,102.0,11.36153846153846,71.1,87.0,14.05,76.5,49.5
74.7,9.062727272727274,30.2,30.85,14.25,272.0,26.899999999999995,53.4,105.0,180.5,7.71,70.4,24.6,28.7,42.711111111111116,109.5,42.15,13.2,18.15,36.89999999999999,183.0,445.0,29.85,20.5875,47.7,31.75,24.1,24.1,387.0,22.85,18.816666666666674,51.1,7.336341463414633,36.4,10.8,13.608333333333334,16.8,59.7,37.96666666666667,31.35,28.7,61.80652173913043,82.0,48.26666666666667,51.0,28.95625,22.444444444444446,96.7,62.5,14.3,60.815384615384616,14.964285714285715,35.25,10.391666666666667,11.75,22.741666666666664,19.4,224.0,188.0,24.0,9.42,26.38636363636364,8.53,10.0,13.650000000000002,19.0,8.22,18.2,57.3,117.0,13.95,49.9,67.5,18.15,91.0,33.88333333333333,94.86666666666667,148.5,36.18571428571429,55.2,8.849,105.275,60.5,71.704,426.0,35.85,212.0,15.95,191.5,187.0,92.3,257.5,41.375,85.2,37.29,35.5,33.607142857142854,57.4,71.14,60.8103448275862,70.6,30.05,529.0,19.89,55.4,383.0,251.5,33.362500000000004,11.489795918367347,161.6875,37.32000000000001,85.49844559585495,42.745833333333344,129.83333333333334,96.9,289.5,61.70000000000001,225.5,43.45000000000001,11.056338028169014,98.5,278.6666666666667,345.61111111111114,16.505752212389382,15.949999999999998,54.7,47.651851851851866,9.2884375,20.1,13.35,24.05,12.2,11.25,19.15,15.85,211.0,2895.0,101.75,11.35,71.04,87.0,14.050000000000002,76.5,49.4875
74.7,9.06,30.2,30.850000000000005,14.25,272.5,26.950000000000006,53.4,105.0,180.5,7.715714285714285,70.4,24.6,28.75,42.7,109.5,42.1,13.175,18.15,36.8,183.0,445.5,29.85,20.6,47.7,31.85,24.1,24.1,386.5,22.87631578947369,18.85,51.1,7.339999999999999,36.4,10.8,13.65,16.8,59.75,37.96666666666667,31.4,28.690625,61.79999999999999,82.0,48.25,50.9,28.95,22.5,96.7,62.5,14.3,60.9,14.975,35.207142857142856,10.35,11.795833333333334,22.73333333333333,19.45,224.5,188.0,23.975,9.4225,26.399,8.52,10.05,13.65,19.0,8.218333333333334,18.25,57.3,117.0,13.95,49.95000000000001,67.42500000000001,18.16408450704225,91.01111111111112,33.85,94.9,148.5,36.23,55.2,8.846666666666666,105.16666666666669,60.527272727272724,71.70000000000002,426.0,35.7,212.0,15.975,191.625,187.0,92.3,258.0,41.4,85.07777777777777,37.25,35.5,33.6125,57.4,71.11428571428571,60.9,70.6,30.05,529.0,19.891666666666666,55.4,383.0,251.5,33.35,11.5,161.5,37.33571428571429,85.5,42.74655172413794,129.875,97.0,289.375,61.675,226.0,43.43750000000001,11.1,98.5,278.5,346.0,16.50625,15.9,54.66333333333333,47.680952380952384,9.292857142857141,20.0632183908046,13.4,24.1,12.2,11.25,19.108333333333334,15.8,210.66666666666663,2892.5,101.5,11.397222222222224,71.1,87.02,14.05,76.5,49.5
74.7,9.06,30.185714285714287,30.875,14.233333333333334,272.0,26.95,53.4,105.0,180.5,7.71,70.4,24.600000000000005,28.7,42.711111111111116,109.5,42.12222222222223,13.2,18.15,36.89999999999999,183.0,445.0,29.85,20.5875,47.7,31.75,24.1,24.1,387.0,22.9,18.85,51.2,7.349219330855019,36.4,10.8,13.604545454545455,16.8,59.8,38.0,31.35,28.7,61.73333333333333,82.0,48.227777777777774,50.9,28.95,22.48684210526316,96.8,62.5,14.25,60.9,14.964285714285715,35.25,10.391666666666667,11.75,22.71666666666667,19.401219512195123,224.0,188.0,24.0,9.426666666666668,26.411249999999995,8.53,10.05,13.650000000000002,18.997142857142855,8.22,18.215625,57.4,117.0,13.95,49.9,67.4,18.15,91.0,33.9,94.9,148.5,36.18571428571429,55.2,8.85,105.0,60.6,71.7,426.0,35.65,212.0,15.95,191.66666666666663,187.0,92.35,257.5,41.375,85.0,37.3,35.45,33.65,57.38888888888889,71.1,60.8103448275862,70.6,30.05,529.0,19.9,55.5,383.0,251.5,33.362500000000004,11.5,161.6875,37.31842105263159,85.41549295774648,42.723684210526315,129.5,97.1,289.5,61.66666666666666,225.5,43.4,11.1,98.5,278.5,346.0,16.5,15.949999999999998,54.60000000000001,47.7,9.29,20.062500000000004,13.38968253968254,24.05,12.2,11.25,19.15,15.845454545454546,210.0,2895.0,101.75,11.395454545454545,71.1,87.07499999999997,14.05,76.5,49.5173469387755
74.7,9.07,30.2,30.850000000000005,14.25,272.5,26.95,53.4,105.5,180.5,7.709827586206896,70.4,24.6,28.75,42.65,109.5,42.1,13.175,18.15,36.8,183.0,444.5,29.85,20.6,47.7,31.85,24.1,24.15,387.25,22.883333333333336,18.89609375,51.2,7.35,36.4,10.8,13.63125,16.8,59.75,37.97000000000001,31.4,28.75,61.7,82.0,48.20625,50.9,28.95,22.45,96.85,62.5,14.3,60.844,14.975,35.207142857142856,10.35,11.795833333333334,22.73333333333333,19.45,224.5,188.0,23.975,9.4225,26.45,8.53,10.05,13.65,19.0,8.22,18.2,57.4,117.0,13.95,49.85,67.4,18.19545454545455,91.0,33.875,94.9,148.5,36.15,55.2,8.846666666666666,104.97297297297294,60.55714285714286,71.65,426.0,35.75,212.0,16.0,191.5,187.0,92.3,258.0,41.4,85.1,37.3,35.5,33.6125,57.4,71.2,60.9,70.6,30.066666666666666,528.75,19.864705882352947,55.4,383.0,251.5,33.35,11.5,161.25,37.35000000000001,85.48181818181818,42.75,129.55555555555554,97.1,289.375,61.65,226.0,43.434375,11.1,98.5,278.5,346.0,16.52173913043478,15.95,54.66428571428572,47.69553571428572,9.29,20.1,13.4,24.05,12.199999999999998,11.25,19.15,15.8,210.75,2895.0,102.0,11.4,71.1125,87.02857142857144,14.025000000000002,76.5,49.57058823529411
74.7,9.07,30.25,30.9,14.233333333333334,272.0,26.95,53.4,105.5,180.75,7.71,70.5,24.6,28.7,42.7,109.16666666666669,42.03648648648648,13.2,18.15,36.89999999999999,183.0,445.0,29.85,20.6,47.7,31.75,24.1,24.149999999999995,387.0,22.85069444444445,18.861904761904768,51.20000000000001,7.362123287671232,36.4,10.8,13.604411764705885,16.85,59.8,37.94285714285713,31.45,28.792783505154638,61.70000000000001,81.9,48.20000000000001,50.91666666666666,29.0,22.452777777777772,96.90000000000002,62.5,14.25,60.835294117647045,15.0,35.25,10.35,11.8,22.75,19.406521739130433,224.0,188.0,23.997727272727275,9.43,26.39607843137256,8.53,10.0,13.666666666666664,19.0,8.22,18.2125,57.4,116.5,13.949999999999998,49.95,67.4,18.166666666666668,91.0,33.875,94.90000000000002,148.5,36.2,55.2,8.85,104.5,60.6,71.6,426.0,35.65,212.0,15.95,191.5,187.25,92.35,257.5,41.35,85.13333333333333,37.29444444444445,35.45,33.65,57.36666666666667,71.2,60.9,70.6,30.05,528.75,19.9,55.5,383.0,251.5,33.362500000000004,11.5,161.6875,37.3375,85.45,42.75,129.52173913043478,97.1,289.5,61.675,225.5,43.45000000000001,11.093749999999998,98.5,278.125,346.0,16.5,15.929999999999998,54.672,47.651538461538465,9.29388888888889,20.062500000000004,13.4,24.05,12.2,11.25,19.146666666666665,15.85,210.5,2895.0,101.75,11.4,71.1,87.06875,14.05,76.5,49.55
74.7,9.07,30.175,30.850000000000005,14.25,272.5,26.96666666666667,53.4,105.14285714285714,181.0,7.7,70.4,24.6,28.7,42.7,109.5,41.985,13.175,18.1,36.8,183.0,445.0,29.85,20.6,47.7,31.85,24.1,24.15,387.25,22.8,18.869230769230768,51.2,7.370000000000001,36.4,10.7875,13.614285714285714,16.8,59.7,38.0,31.45,28.853125,61.74545454545455,82.0,48.21666666666667,50.9,29.0,22.45,96.8,62.5,14.3,60.803225806451614,15.0,35.2,10.349999999999998,11.800000000000002,22.71666666666667,19.45,224.5,188.0,23.975,9.4225,26.399999999999995,8.53,10.05,13.65,19.0,8.22,18.215,57.4,117.0,13.95,49.95,67.43333333333334,18.15,91.09375,33.875,94.95,148.5,36.15,55.2,8.84,104.5,60.55,71.54285714285712,426.0,35.75,212.0,16.0,191.5,187.0,92.2,258.0,41.35,85.1,37.25,35.5,33.6,57.38571428571429,71.1,60.9,70.6,30.05,529.0,19.89545454545454,55.4,383.0,251.5,33.35,11.5,161.1,37.33750000000001,85.48888888888888,42.75,129.95833333333334,97.0,289.375,61.7,226.0,43.45,11.1,98.47692307692309,278.0,346.0,16.547916666666666,15.9,54.7,47.65500000000001,9.295769230769233,20.1,13.4,24.05,12.2,11.2,19.1125,15.85,210.75,2895.0,102.0,11.4,71.2,87.1,14.025000000000002,76.5,49.55
74.70227272727273,9.07,30.25,30.9,14.2,272.5,26.95,53.4,105.0,180.75,7.7,70.42,24.6,28.7,42.7,109.16666666666669,41.90833333333333,13.2,18.15,36.89999999999999,183.0,445.0,29.85,20.6,47.75,31.85,24.1,24.149999999999995,387.0,22.807142857142853,18.878125,51.20000000000001,7.369444444444445,36.35,10.8,13.61,16.816666666666666,59.8,38.0,31.450000000000006,28.87575757575758,61.72222222222222,81.9,48.21666666666667,50.91666666666666,29.0,22.455,96.7,62.5,14.25,60.79999999999999,15.0,35.25,10.35,11.8,22.704166666666666,19.45,224.0,188.0,23.95,9.43,26.399999999999995,8.52,10.05,13.65,19.0,8.210384615384616,18.205,57.3,116.83333333333331,13.933333333333332,49.95,67.4,18.15,91.14117647058822,33.85,95.0,148.08333333333334,36.2,55.21666666666667,8.85,104.5,60.6,71.6,426.0,35.65,212.0,15.95,191.0,187.25,92.35,257.5,41.4,85.2,37.25476190476191,35.45,33.614285714285714,57.35714285714285,71.1,60.9,70.6,30.05,528.5,19.9,55.5,383.0,251.5,33.362500000000004,11.5,161.0,37.32758620689656,85.4095238095238,42.744444444444454,129.5681818181818,97.0,289.5,61.66666666666666,226.0,43.45,11.054508196721313,98.4,278.0,346.0,16.53,15.9,54.7,47.68235294117647,9.29,20.0875,13.35,24.05,12.2,11.199999999999998,19.141666666666666,15.85,211.0,2890.0,102.0,11.397872340425534,71.2,87.10000000000002,14.05,76.5,49.54999999999999
74.8,9.07,30.15,30.85,14.25,272.0,26.95625,53.4,105.0,181.0,7.7,70.4,24.6,28.75,42.65,109.5,41.9047619047619,13.15,18.1,36.8,182.5,445.0,29.85,20.65,47.7,31.85,24.1,24.15,388.0,22.8,18.866666666666664,51.2,7.3675268817204325,36.4,10.8,13.6,16.85,59.72352941176471,38.0,31.45,28.85,61.71764705882353,82.0,48.20000000000001,50.9,29.0,22.45909090909091,96.8,62.505555555555546,14.3,60.875,15.0,35.2,10.349999999999998,11.800000000000002,22.7,19.45,224.5,188.0,23.975,9.4225,26.36209677419355,8.52,10.05,13.65,19.0,8.22,18.24871794871795,57.3,117.0,13.95,49.95,67.5,18.15,91.2,33.9,95.11428571428571,148.0,36.15,55.29999999999999,8.84,104.5,60.6,71.5,426.0,35.7,212.0,16.0,191.5,187.0,92.2,258.0,41.4,85.1,37.25,35.5,33.6,57.4,71.2,60.9,70.6,30.06,529.0,19.9,55.45,383.0,251.5,33.35,11.5,161.0,37.34464285714286,85.42666666666669,42.75,129.55882352941177,97.0,289.375,61.7,226.0,43.46111111111111,11.05,98.40000000000002,278.0,346.0,16.53620689655172,15.9,54.7,47.70000000000001,9.29,20.1,13.4,24.05,12.1625,11.2125,19.148888888888887,15.8,210.75,2895.0,102.0,11.389655172413793,71.125,87.1,14.05,76.5,49.5
74.8,9.07,30.25,30.75,14.2,272.0,27.01144578313253,53.41666666666666,105.0,180.2,7.7,70.55555555555556,24.6,28.7,42.7,109.16666666666669,41.945454545454545,13.2,18.1,36.89999999999999,183.0,445.0,29.850000000000005,20.65,47.75,31.85,24.1,24.149999999999995,387.0,22.75,18.866666666666667,51.20000000000001,7.36808383233533,36.35,10.8,13.61,16.841666666666665,59.714285714285715,38.0,31.488888888888887,28.85,61.61041666666667,81.9,48.25,50.85,29.0,22.45,96.8,62.5,14.35,60.8,15.0,35.25,10.35,11.77,22.7,19.43,224.0,188.0,23.95,9.43,26.399999999999995,8.53,10.05,13.65,19.0,8.21,18.225,57.4,117.0,13.95,49.95,67.42857142857143,18.15,91.2,33.9,95.2,148.0,36.2,55.3,8.85,104.5,60.70000000000001,71.58,426.0,35.7,212.0,15.95,191.5,187.25,92.35,257.5,41.4,85.1,37.25,35.5,33.62222222222222,57.30588235294118,71.16470588235295,60.9,70.6,30.05,529.0,19.891666666666666,55.5,383.5,251.5,33.362500000000004,11.5,161.33333333333334,37.31666666666667,85.45833333333333,42.75,129.5,96.9,289.5,61.66666666666666,226.0,43.4,11.05,98.40714285714287,278.0,346.0,16.53,15.9,54.79999999999999,47.71363636363637,9.28,20.1,13.35,24.05,12.2,11.242307692307694,19.15,15.843333333333332,210.5,2890.0,102.0,11.38804347826087,71.19090909090909,87.09999999999998,14.05,76.5,49.53333333333333
74.8,9.07,30.15,30.85,14.25,272.0,27.10483870967742,53.5,105.0,180.0,7.69,70.4,24.6,28.75,42.65,109.5,41.958333333333336,13.15,18.1,36.8,182.5,445.0,29.85,20.65,47.75,31.85,24.1,24.1,388.0,22.8,18.866666666666664,51.2,7.365849056603774,36.4,10.8,13.6,16.85,59.70000000000001,37.99666666666667,31.5,28.86634615384615,61.482828282828294,82.0,48.20833333333334,50.79999999999999,28.99285714285714,22.45,96.9,62.5,14.364285714285714,60.8,15.0,35.2,10.35,11.800000000000002,22.7,19.45,224.5,188.0,23.94,9.4325,26.4,8.52,10.05,13.65,19.0,8.21,18.2,57.29999999999999,117.0,13.95,49.95,67.5,18.15,91.28571428571428,33.9,95.3,148.0,36.20555555555556,55.3,8.84,104.5,60.6,71.50909090909092,426.0,35.7,212.0,16.0,191.25,187.0,92.2,258.0,41.36666666666667,85.05,37.25,35.5,33.6,57.4,71.1,60.9,70.6,30.075000000000006,529.0,19.86875,55.4,383.0,251.5,33.35,11.5,161.14285714285714,37.31875,85.49642857142858,42.73636363636364,129.7,96.9,289.5,61.65,226.0,43.45,11.05,98.425,278.2,346.0,16.547619047619047,15.9,54.771428571428565,47.75,9.283529411764702,20.1,13.4,24.05,12.2,11.2125,19.15,15.8,210.25,2890.0,101.75,11.371666666666664,71.2,87.07058823529414,14.050000000000002,76.5,49.50833333333333
74.8,9.07,30.15,30.75,14.2,272.0,27.1,53.5,105.0,180.125,7.69,70.55555555555556,24.6,28.7,42.7,109.16666666666669,41.958333333333336,13.19090909090909,18.1,36.89999999999999,183.0,445.0,29.85,20.65,47.75,31.85,24.1,24.1375,388.0,22.8,18.85,51.2,7.366944444444447,36.40000000000001,10.8,13.6,16.85,59.63333333333333,38.025,31.45,28.8025,61.28275862068966,81.9,48.2,50.79999999999999,29.0,22.460638297872343,96.9,62.5,14.35,60.9,15.0,35.25,10.35,11.75,22.7,19.4,224.0,188.0,23.95,9.44,26.4,8.52,10.05,13.65,19.0,8.212753623188407,18.245,57.4,116.5,13.95,49.95,67.4,18.15,91.26,33.88611111111111,95.20625,148.0,36.24411764705882,55.3,8.86,104.5,60.7,71.55,426.5,35.583333333333336,212.0,15.95,191.5,187.25,92.35,257.5,41.4,85.0,37.288888888888884,35.46,33.65,57.36666666666667,71.16666666666667,60.9,70.6,30.05,529.0,19.89764705882353,55.5,383.5,251.5,33.362500000000004,11.5,161.25,37.31428571428571,85.47727272727273,42.73142857142857,129.5,96.9,289.5,61.64,226.0,43.4,11.071428571428573,98.4,278.2,346.0217391304348,16.522222222222222,15.9,54.68888888888889,47.75,9.28,20.100000000000005,13.35,24.05,12.165000000000004,11.242307692307694,19.149999999999995,15.84705882352941,210.5,2890.0,102.0,11.35,71.14444444444446,87.16666666666669,14.05,76.5,49.5
74.8,9.07,30.15,30.85,14.25,272.25,27.1,53.5,105.0,179.5,7.7,70.4,24.6,28.7,42.70000000000001,109.5,41.95,13.15,18.1,36.8,182.75,445.0,29.85,20.65,47.75,31.8,24.1,24.1,388.0,22.757692307692302,18.8625,51.2,7.3691111111111125,36.4,10.8,13.6,16.8,59.6,38.0625,31.475,28.85,61.20317460317461,81.96666666666667,48.2,50.8,29.0,22.43846153846154,96.86666666666667,62.5,14.35,60.9,15.0,35.2,10.35,11.75,22.75,19.400943396226413,224.5,188.0,23.9,9.4325,26.43508771929825,8.52,10.05,13.65,19.0,8.21,18.237777777777783,57.29999999999999,116.5,13.950704225352114,49.95,67.4,18.127064220183485,91.26923076923076,33.85,95.1,148.0,36.25,55.26666666666667,8.84,104.5,60.7,71.6,426.5,35.55,212.0,15.949999999999998,191.5,187.0,92.2,258.0,41.35833333333333,85.05,37.25,35.5,33.614285714285714,57.4,71.1,60.9,70.6,30.05,529.0,19.9,55.4,383.0,251.5,33.35,11.5,161.48809523809524,37.31,85.5,42.75,130.0,96.9,289.5,61.70000000000001,226.0,43.4375,11.05,98.40000000000002,278.25,346.0,16.542857142857144,15.927272727272726,54.7,47.75,9.28,20.073333333333334,13.376785714285711,24.01413043478261,12.175,11.202941176470587,19.15,15.807894736842108,210.25,2890.0,101.75,11.4,71.16666666666667,87.10303030303032,14.05,76.5,49.5
74.8,9.08,30.15,30.75,14.2,272.1666666666667,27.1,53.5,105.5,180.125,7.69,70.4,24.6,28.7,42.7,109.16666666666669,42.0,13.19090909090909,18.1,36.89999999999999,183.0,445.0,29.8,20.65,47.75,31.85,24.1,24.15,388.0,22.79878048780488,18.9,51.2,7.3633870967741935,36.40000000000001,10.8,13.6,16.85,59.6,38.083333333333336,31.5,28.85,61.2,81.9,48.21,50.9,29.0,22.4,96.9,62.5,14.4,60.828571428571436,15.0,35.2,10.35,11.75,22.7,19.4,224.0,188.0,23.95,9.44,26.486363636363638,8.53,10.05,13.65,18.99285714285714,8.212753623188407,18.25,57.4,117.0,13.961111111111109,49.95,67.5,18.13125,91.23333333333332,33.861111111111114,95.20625,148.0,36.24411764705882,55.2625,8.86,104.5,60.70000000000001,71.55,426.5,35.583333333333336,212.0,15.95,191.5,187.25,92.35,257.5,41.35,85.0,37.29999999999999,35.45,33.65,57.35,71.16666666666667,60.9,70.5,30.075000000000006,529.25,19.9,55.4,383.5,251.5,33.362500000000004,11.5,161.64285714285714,37.31,85.5,42.71776315789474,129.5,96.9,289.5,61.66666666666666,226.0,43.4,11.050000000000002,98.4090909090909,278.0,346.125,16.5,15.9,54.645882352941186,47.74489795918368,9.286296296296298,20.055208333333333,13.4,24.05,12.2,11.25,19.149999999999995,15.825,210.5,2890.0,102.0,11.4,71.14736842105266,87.0375,14.05,76.5,49.5
74.8,9.08,30.18,30.75,14.25,272.25,27.1,53.5,105.5,179.5,7.7,70.4,24.6,28.7,42.70000000000001,109.5,42.00652173913043,13.15,18.075000000000006,36.8,182.75,445.0,29.85,20.65,47.75,31.8,24.1,24.125,388.0,22.75625,18.83755364806867,51.2,7.360000000000001,36.4,10.8,13.6,16.804545454545455,59.6,38.1,31.491666666666664,28.850000000000005,61.2,81.89999999999998,48.2,50.8,28.99761904761905,22.4,96.9,62.5,14.36875,60.9,15.0,35.2,10.35,11.75,22.7,19.425,224.5,188.0,23.9,9.43,26.441463414634146,8.53,10.05,13.65,19.0,8.21,18.24473684210526,57.29999999999999,116.5,13.950704225352114,49.94166666666666,67.4,18.15,91.2,33.85,95.12,148.0,36.25,55.271428571428565,8.84,105.0,60.71666666666667,71.5,426.5,35.55,212.0,15.949999999999998,192.0,187.0,92.2,258.0,41.35833333333333,85.05,37.3,35.5,33.6,57.3875,71.1,60.9,70.6,30.05,530.0,19.9,55.39827586206896,383.5,251.5,33.35,11.5,161.5,37.333333333333336,85.46000000000002,42.75,130.0,96.77575757575757,289.5,61.65,226.0,43.4,11.063235294117646,98.40000000000002,278.25,346.2,16.5375,15.927272727272726,54.60000000000001,47.7462962962963,9.285,20.073333333333334,13.372222222222225,24.05,12.2,11.225,19.181818181818183,15.85,210.5,2890.0,101.75,11.356451612903225,71.1,87.1,14.050000000000002,76.5,49.5
74.8,9.0875,30.15,30.75,14.2,272.5,27.149999999999995,53.5,105.5,180.125,7.69,70.35555555555554,24.6,28.7,42.7,109.16666666666669,42.1,13.1,18.1,36.89999999999999,183.0,445.0,29.85,20.7,47.75,31.85,24.15,24.15,388.0,22.80838709677419,18.841666666666665,51.2,7.360492957746478,36.40000000000001,10.795652173913043,13.65,16.85,59.5,38.06031746031746,31.5,28.85,61.18378378378379,81.9,48.2,50.89999999999999,29.0,22.399999999999995,97.0,62.5,14.35,60.88888888888889,15.0,35.2,10.35,11.8,22.7,19.4,224.0,188.0,23.95,9.43,26.44545454545454,8.53,10.05,13.65,19.0,8.211111111111112,18.271875,57.4,117.0,13.961111111111109,49.95,67.3,18.1,91.1,33.85,95.1,148.25,36.24411764705882,55.3,8.86,104.6,60.790909090909096,71.5,426.5,35.55,212.0,15.95,192.0,187.0,92.35,257.5,41.35,85.13333333333334,37.3,35.475,33.65,57.4,71.16666666666667,60.9,70.5,30.05,529.875,19.925,55.3,383.5,251.5,33.35,11.5,161.8,37.303225806451614,85.43513513513513,42.75,130.0,96.63548387096772,289.5,61.68000000000001,226.0,43.4,11.05,98.41666666666669,278.25,346.0,16.525,15.95,54.6625,47.75,9.285,20.1,13.349999999999998,24.05,12.18421052631579,11.199999999999998,19.161538461538466,15.848181818181816,210.5,2890.0,102.0,11.350766283524905,71.13243243243244,87.07,14.0125,76.5,49.55
74.75,9.1,30.18,30.75,14.25,272.1666666666667,27.160000000000004,53.4,105.5,179.5,7.7,70.4,24.6,28.7,42.75,109.5,42.145833333333336,13.1,18.075000000000006,36.8,182.75,445.0,29.85,20.6875,47.75,31.85,24.1,24.1,388.0,22.85,18.85,51.2,7.360000000000001,36.4,10.784782608695652,13.6,16.825000000000006,59.5,38.05,31.491666666666664,28.85,61.125714285714295,81.89999999999998,48.185,50.9,29.025,22.399999999999995,97.0,62.5,14.36875,60.9,15.0,35.2,10.35,11.75,22.7,19.45,224.5,188.0,23.9,9.43,26.441463414634146,8.54,10.05,13.65,18.966666666666665,8.21,18.25,57.385714285714286,116.66666666666669,14.0,49.94166666666666,67.3,18.1,91.015625,33.85,95.2,148.16666666666666,36.25,55.3,8.84,105.0,60.71666666666667,71.525,426.5,35.55,212.0,15.949999999999998,192.0,187.0,92.2,258.0,41.35,85.05,37.35,35.5,33.61875,57.35,71.1,60.9,70.6,30.05,530.0,19.949280575539568,55.3,383.5,251.5,33.4,11.5,161.7,37.302816901408455,85.49130434782609,42.75,129.96428571428572,96.77575757575757,289.5,61.70000000000001,226.10714285714286,43.39999999999999,11.05,98.45833333333331,278.25,346.2,16.53888888888889,15.95,54.7,47.75277777777778,9.286666666666664,20.1,13.363888888888885,24.05,12.2,11.2,19.2,15.805555555555555,210.25,2890.0,101.75,11.352054794520548,71.1375,87.10000000000002,14.05,76.5,49.5
74.8,9.11909090909091,30.15,30.75,14.2,272.5,27.154999999999994,53.5,105.5,180.0,7.69,70.35555555555554,24.6,28.7,42.70961538461539,109.16666666666669,42.15833333333333,13.1,18.075000000000006,36.89999999999999,183.0,444.0,29.85,20.7,47.75,31.85,24.05,24.15,388.0,22.83367346938776,18.9,51.29999999999999,7.3512499999999985,36.35,10.8,13.65,16.85,59.5,38.04,31.5,28.85,61.130769230769225,81.9,48.20000000000001,51.0,29.05,22.35,97.0,62.5,14.35,60.9,14.95,35.2,10.35,11.75,22.7,19.4,224.0,188.0,23.85,9.43,26.41666666666667,8.53,10.05,13.65,19.0,8.207916666666668,18.241666666666667,57.4,116.5,13.961111111111109,49.95,67.3,18.1,90.95,33.86666666666667,95.1,148.25,36.3,55.3,8.86,104.5,60.790909090909096,71.5,426.5,35.75,212.0,15.95,191.96153846153842,187.0,92.35,257.5,41.35,85.0,37.34166666666667,35.5,33.65,57.3,71.1,60.81666666666666,70.5,30.05,529.0,19.944444444444443,55.38,383.5,251.5,33.35,11.5,162.0,37.3,85.42758620689655,42.75,129.78571428571428,96.63548387096772,289.5,61.66666666666666,226.5,43.4,11.05,98.46,278.0,346.0,16.53620689655172,15.95,54.8,47.8,9.288387096774192,20.092857142857145,13.35,24.0,12.2,11.25,19.2,15.846428571428573,210.0,2890.0,102.0,11.358333333333333,71.13529411764705,87.07,14.05,76.5,49.5
74.8,9.12,30.15,30.75,14.25,272.5,27.160000000000004,53.4,105.5,179.5,7.69,70.4,24.6,28.7,42.7625,109.5,42.1,13.15,18.075000000000006,36.8,183.5,445.0,29.85,20.6875,47.75,31.85,24.1,24.1,388.0,22.844,18.84344262295082,51.288888888888884,7.349999999999999,36.325,10.75,13.65,16.825000000000006,59.5,38.05,31.45,28.86111111111111,61.13333333333335,81.9,48.15,50.9,29.05909090909091,22.35,97.05,62.5,14.36875,60.9,15.0,35.2,10.4,11.766666666666666,22.7,19.404545454545453,224.5,188.0,23.9,9.43,26.45,8.53,10.05,13.65,19.0,8.2009496124031,18.22,57.4,117.0,14.0,49.94166666666666,67.35,18.15,91.0,33.85,95.2,148.16666666666666,36.3,55.3,8.86,104.92857142857143,60.72727272727273,71.6,426.5,35.75,212.0,15.95,192.11111111111111,187.0,92.2,258.0,41.35,85.1,37.31428571428571,35.475,33.603846153846156,57.4,71.2,60.9,70.6,30.065,530.0818181818181,19.930864197530862,55.35,383.5,251.0,33.35,11.511538461538462,161.625,37.33,85.40800000000002,42.793103448275865,129.9,96.63333333333333,289.5,61.7,226.5,43.41666666666666,11.050000000000002,98.40000000000002,278.0,346.0,16.525000000000002,15.9,54.79374999999999,47.8,9.29,20.1,13.369230769230768,24.05,12.2,11.233333333333334,19.17058823529411,15.85,210.16666666666663,2890.0,101.75,11.364285714285714,71.15,87.0190476190476,14.05,76.5,49.5
74.8,9.116666666666667,30.15,30.8,14.2,272.5,27.160714285714285,53.5,105.5,180.0,7.700000000000001,70.3,24.6,28.7,42.8,109.5,42.1,13.1,18.075000000000006,36.89999999999999,183.5,444.0,29.85,20.7,47.75,31.85,24.15,24.15,388.0,22.851912568306012,18.85,51.29999999999999,7.350769230769231,36.35,10.75,13.642857142857142,16.85,59.5,38.1,31.5,28.864285714285717,61.21250000000001,81.9,48.15,51.0,29.05,22.4,97.1,62.5,14.35,60.9,15.0,35.2,10.4,11.751219512195124,22.71666666666667,19.4,224.0,188.0,23.85,9.4325,26.41666666666667,8.54,10.05,13.65,19.0,8.2,18.198148148148146,57.4,116.5,14.0,49.95,67.4,18.130000000000006,91.0,33.86666666666667,95.1,148.5,36.3,55.27777777777778,8.86,104.58333333333331,60.790909090909096,71.6,426.5,35.75,212.0,15.95,192.5,187.5,92.35,257.5,41.35,85.0,37.35,35.5,33.60714285714286,57.39999999999999,71.12857142857142,60.86666666666667,70.6,30.05,531.0416666666666,19.936764705882357,55.40000000000001,383.5,251.5,33.4,11.516666666666667,161.5,37.3,85.49411764705883,42.79999999999999,130.0,96.63548387096772,289.5,61.707142857142856,226.5,43.45,11.0671875,98.4375,278.01923076923083,346.33333333333326,16.546969696969693,15.925,54.8,47.8,9.290598290598293,20.1,13.35,24.04444444444445,12.2,11.25,19.15,15.85,210.0,2890.0,102.0,11.351063829787234,71.1139534883721,87.0,14.050000000000002,76.5,49.51590909090908
74.85,9.097450980392157,30.15,30.75,14.25,272.5,27.17,53.4,105.5625,179.5,7.69,70.4,24.6,28.7,42.8,109.5,42.1,13.15,18.1,36.8,183.5,445.0,29.85,20.6875,47.7,31.85,24.1,24.1,388.0,22.8625,18.87,51.288888888888884,7.358421052631581,36.325,10.75,13.600602409638554,16.808333333333334,59.6,38.1,31.5,28.899999999999995,61.25,81.9,48.15,50.96666666666667,29.052380952380954,22.4,97.2,62.6,14.35,60.9,14.978571428571426,35.2,10.315,11.75,22.7,19.4,224.5,188.0,23.850000000000005,9.43,26.399999999999995,8.532,10.05,13.666666666666664,19.0,8.19,18.154166666666665,57.46666666666667,117.0,14.0,49.9,67.30555555555556,18.130769230769232,90.95,33.862500000000004,95.2,148.0,36.3,55.3,8.86,104.875,60.72727272727273,71.53333333333333,427.0,35.75,212.0,15.95,192.5,187.0,92.4,258.0,41.35,85.1,37.35,35.45,33.65,57.375,71.2,60.9,70.6,30.05,531.4444444444445,19.95,55.36666666666667,383.5,251.0,33.37500000000001,11.5,161.66666666666666,37.32692307692308,85.47391304347828,42.785714285714285,129.96875,96.7,289.5,61.75,227.0,43.41666666666666,11.05,98.4125,278.0,346.0,16.546875,15.949999999999998,54.8,47.8,9.290225563909773,20.1,13.364285714285714,24.05,12.172222222222222,11.207142857142856,19.175,15.818,210.0,2890.0,102.0,11.359302325581396,71.05254237288136,87.0,14.05,76.5,49.51428571428572
74.8,9.09,30.15,30.8,14.2,272.5,27.1875,53.4,105.75,180.0,7.713809523809523,70.3,24.65,28.75,42.79999999999999,109.5,42.1,13.1,18.116666666666667,36.89999999999999,183.5,444.0,29.8,20.7,47.75,31.85,24.15,24.100000000000005,388.0,22.862,18.9,51.2,7.351666666666667,36.35,10.758333333333333,13.642857142857142,16.85,59.5,38.1,31.45,28.85,61.3,81.91666666666667,48.15,50.90833333333333,29.0875,22.4,97.4,62.59166666666667,14.35,60.925,15.0,35.2,10.333333333333334,11.75,22.71666666666667,19.4,224.0,188.25,23.81212121212121,9.4325,26.44642857142857,8.53,10.05,13.65,19.0,8.2,18.198148148148146,57.5,116.75,14.0,49.95,67.30526315789473,18.15,90.9,33.85,95.1,148.5,36.35,55.2,8.859999999999998,105.0,60.79999999999999,71.56,427.0,35.75,212.0,15.95,192.5,187.5,92.3,257.5,41.35,85.1,37.35,35.475,33.60833333333333,57.31333333333334,71.125,60.9,70.6,30.05,532.0,19.950000000000006,55.4,383.5,251.0,33.4,11.504545454545456,161.625,37.31666666666667,85.5,42.77,129.66666666666666,96.63548387096772,289.5,61.76000000000001,226.5,43.45,11.05,98.45333333333332,278.0625,346.0,16.548214285714288,15.95,54.83,47.77499999999999,9.29,20.055172413793105,13.349999999999998,24.03333333333333,12.2,11.25,19.175,15.85,210.5,2890.0,102.0,11.3505,71.03243243243244,87.003125,14.050000000000002,76.5,49.55
74.85,9.097450980392157,30.15,30.75,14.25,272.5,27.2,53.4,105.98019801980196,179.5,7.7200000000000015,70.4,24.6,28.7,42.8,109.5,42.06666666666667,13.15,18.1,36.8,183.5,444.0,29.85,20.6875,47.7,31.9,24.1,24.1,388.0,22.9,18.87,51.3,7.355625,36.325,10.783333333333333,13.607142857142858,16.834615384615386,59.6,38.1,31.5,28.85,61.4,82.0,48.15,50.96666666666667,29.1,22.399999999999995,97.40000000000002,62.50909090909091,14.35,61.0,14.978571428571426,35.23333333333333,10.315,11.75,22.67,19.4,224.5,188.0,23.850000000000005,9.43,26.399999999999995,8.532,10.05,13.65,19.0,8.200000000000001,18.164285714285715,57.46666666666667,116.5,14.0,49.9,67.3,18.15,90.90000000000002,33.862500000000004,95.2,148.5,36.39642857142857,55.3,8.865,105.0,60.8,71.5,427.0,35.75,212.0,15.95,192.5,187.0,92.4,258.0,41.35,85.1,37.4,35.45,33.6,57.35,71.2,60.9,70.55,30.05,531.1666666666666,19.987037037037037,55.35714285714285,383.5,251.0,33.4,11.5,161.88888888888889,37.32142857142857,85.5,42.76428571428572,130.0,96.73333333333332,289.5,61.75,227.0,43.41666666666666,11.05,98.40000000000002,278.07142857142856,346.33333333333326,16.5,15.940707964601769,54.8860465116279,47.79999999999999,9.294074074074073,20.059090909090916,13.349999999999998,24.025,12.2,11.213333333333335,19.15,15.818,210.0,2890.0,102.0,11.35,71.0,86.975,14.05,76.5,49.525
74.8,9.09,30.2,30.8,14.2,272.5,27.2,53.4,106.43103448275862,180.0,7.7200000000000015,70.3,24.65,28.7,42.79999999999999,109.5,42.1,13.1,18.116666666666667,36.89999999999999,183.5,444.0,29.8,20.65,47.75,31.9,24.15,24.100000000000005,388.0,22.89841269841269,18.9,51.3,7.349756097560975,36.35,10.758333333333333,13.642857142857142,16.8,59.5,38.1,31.4875,28.85,61.40000000000001,81.9,48.15,50.79999999999999,29.05,22.4,97.55,62.5,14.35,61.0,14.95,35.2,10.333333333333334,11.75,22.65,19.4,224.0,188.0,23.81212121212121,9.4325,26.434,8.53,10.05,13.65,19.0,8.191590909090907,18.15,57.4,116.5,13.95,49.9,67.2,18.2,90.92857142857143,33.864285714285714,95.15,148.5,36.35,55.2,8.859999999999998,104.71428571428572,60.811111111111096,71.6,427.0,35.55,212.0,15.949999999999998,192.5,187.5,92.4,258.0,41.35,85.11999999999998,37.39347826086957,35.475,33.60833333333333,57.375,71.10909090909091,60.9,70.5,30.05,529.8367346938776,19.994791666666668,55.4,383.0,251.25,33.4,11.5,161.5,37.305555555555564,85.49166666666667,42.75,130.0,96.8,289.5,61.8,226.5,43.45,11.05,98.4,278.0,346.5,16.547222222222224,16.0,54.8,47.80434782608695,9.292857142857141,20.054,13.35,24.03333333333333,12.19,11.25,19.1625,15.85,210.5,2890.0,101.75,11.351898734177215,71.03243243243244,87.0,14.05,76.5,49.55
74.85,9.1,30.15,30.9,14.25,272.5,27.15,53.4,105.94117647058823,180.0,7.7175,70.3,24.65,28.7,42.8,109.5,42.15,13.15,18.15,36.8,183.5,443.0,29.85,20.6875,47.7,31.875,24.15,24.1,388.0,22.90392156862745,18.85333333333333,51.3,7.35,36.35,10.783333333333333,13.607142857142858,16.85,59.5,38.06428571428571,31.5,28.85,61.4,82.0,48.17499999999999,50.9,29.092307692307696,22.4,97.55714285714286,62.5,14.3,60.96666666666667,14.95,35.25,10.341666666666667,11.75,22.67,19.4,224.5,188.5,23.850000000000005,9.43,26.43076923076923,8.531111111111109,10.05,13.65,19.0,8.2,18.15,57.46666666666667,117.0,14.0,49.9,67.2,18.15,90.85,33.862500000000004,95.2,148.5,36.45,55.3,8.87,105.0,60.81666666666666,71.59999999999998,427.0,35.75,212.0,16.0,192.5,187.5,92.4,258.0,41.35,85.2,37.4,35.475,33.6,57.35,71.1,60.825,70.5,30.05,530.0,19.96111111111111,55.3,383.25,251.0,33.45,11.5,161.5,37.33,85.5,42.78055555555555,129.734375,96.75,289.5,61.75,227.0,43.47083333333334,11.05,98.40000000000002,278.0833333333333,346.0,16.5,16.0,54.8,47.85,9.28885593220339,20.082352941176477,13.35,24.0,12.203639846743295,11.249367088607595,19.2,15.805555555555555,210.0,2890.0,102.0,11.36098901098901,71.0,87.0,14.05,76.6,49.5
74.8,9.1,30.175,30.8,14.2,272.5,27.1475,53.4,106.0,180.0,7.732255639097746,70.32857142857142,24.600000000000005,28.7,42.8,109.5,42.1,13.15,18.1,36.8,183.5,442.0,29.8,20.65,47.75,31.899999999999995,24.15,24.100000000000005,388.0,22.93587570621469,18.85,51.375,7.34909090909091,36.35,10.800000000000002,13.65,16.833333333333332,59.5,38.1,31.45,28.85,61.33333333333334,81.89999999999998,48.18333333333334,50.79999999999999,29.08333333333333,22.402631578947368,97.8,62.5,14.35,61.0,15.0,35.2,10.35,11.75,22.65,19.427777777777774,224.0,188.0,23.81212121212121,9.43,26.41666666666667,8.53,10.05,13.65,19.0,8.200714285714287,18.15117647058824,57.4,116.5,13.95,49.9,67.21428571428571,18.2,91.0,33.864285714285714,95.2,148.5,36.35,55.3,8.859999999999998,104.5,60.88333333333333,71.58,427.625,35.55,212.0,15.949999999999998,192.46666666666667,187.0,92.3,258.0,41.35,85.2,37.40000000000001,35.475,33.6,57.40000000000001,71.15,60.9,70.5,30.05,530.0,19.994791666666668,55.3875,383.0,251.5,33.4,11.5,161.94444444444446,37.3,85.49375,42.79722222222223,130.0,96.8,289.5,61.75,226.75,43.45000000000001,11.05,98.4157894736842,278.4375,346.0,16.5,16.0,54.864705882352936,47.85000000000001,9.296190476190477,20.05,13.35,24.05,12.25,11.25,19.15,15.83,210.0,2890.0,101.75,11.35,71.03243243243244,87.0,14.050000000000002,76.5,49.5
74.9,9.1,30.149999999999995,30.9,14.25,273.0,27.15,53.4,105.5,180.0,7.725,70.3,24.65,28.7,42.8,109.5,42.15,13.15,18.125,36.8,183.0,443.0,29.8,20.65,47.71666666666667,31.9,24.15,24.1,388.5,22.95,18.9,51.54393939393939,7.3475,36.35,10.8,13.6,16.85,59.5,38.1,31.5,28.85,61.39090909090908,82.0,48.18333333333334,50.89999999999999,29.092857142857145,22.43333333333333,97.71428571428572,62.5,14.3,60.96,15.0,35.2,10.35,11.75,22.63125,19.4,224.5,188.5,23.8,9.43,26.422222222222228,8.531111111111109,10.05,13.65,19.0,8.2,18.146666666666665,57.5,117.0,14.0,49.9,67.1,18.2,90.85,33.86666666666667,95.2,148.60465116279067,36.45,55.3,8.86,105.0,60.81666666666666,71.6,427.0,35.75,212.0,16.0,192.5,187.5,92.4,258.0,41.35,85.2,37.45,35.5,33.626,57.38571428571429,71.1,60.88,70.52857142857142,30.05,529.6666666666666,20.0,55.4,383.25,251.0,33.45,11.5,161.5,37.315,85.46153846153847,42.79354838709677,130.0,96.8,289.0,61.76666666666667,227.0,43.46666666666667,11.050000000000002,98.47,278.5,346.0,16.521428571428572,15.991666666666667,54.875,47.84583333333333,9.291666666666664,20.05,13.35,24.05,12.211538461538463,11.25,19.15,15.804545454545455,210.0,2890.0,102.0,11.35,71.0,87.0,14.05,76.6,49.496
74.8,9.1,30.2,30.8,14.2,273.0,27.1375,53.4,105.5,180.0,7.732255639097746,70.32857142857142,24.600000000000005,28.7,42.8,109.5,42.2,13.15,18.1,36.8,183.375,442.0,29.85,20.65,47.75,31.899999999999995,24.15,24.100000000000005,388.0,22.95,18.9,51.798224852071,7.353571428571429,36.35,10.800000000000002,13.648305084745765,16.85,59.5,38.07857142857143,31.5,28.899999999999995,61.4,81.89999999999998,48.2,50.95,29.06363636363637,22.45,97.6,62.5,14.35,61.0,14.949999999999998,35.25,10.35,11.75,22.6,19.4,224.0,188.0,23.85,9.43,26.42857142857143,8.531666666666666,10.05,13.65,19.0,8.2,18.1,57.4,116.66666666666669,13.975,49.9,67.25,18.15,91.0,33.88333333333333,95.1,149.23684210526315,36.45,55.3,8.859999999999998,104.75,60.8,71.7,426.5,35.6,212.0,15.949999999999998,192.5,187.0,92.4,258.0,41.35,85.15833333333335,37.44642857142857,35.475,33.60833333333333,57.397222222222226,71.15,60.85,70.5,30.0,529.75,20.0,55.35,383.0,251.66666666666663,33.4,11.5,161.66666666666666,37.3325,85.49354838709678,42.76666666666667,129.5909090909091,96.8,289.5,61.79999999999999,226.75,43.5,11.05,98.40476190476191,278.5,346.08333333333326,16.545652173913044,16.0,54.88484848484848,47.84107142857143,9.291666666666666,20.092307692307696,13.35,24.05,12.25,11.225,19.155,15.83,210.0,2890.0,102.0,11.35,71.03243243243244,86.975,14.050000000000002,76.5,49.414285714285704
74.9,9.09,30.16666666666667,30.9,14.25,273.0,27.1,53.43333333333334,105.5,180.0,7.7200000000000015,70.3,24.65,28.7,42.8,109.5,42.2,13.15,18.125,36.8,183.0,443.0,29.8,20.65,47.71666666666667,31.875,24.15,24.1,388.5,22.946000000000005,18.885714285714286,52.020689655172404,7.3554545454545455,36.35,10.8,13.648214285714287,16.849999999999998,59.35,38.1,31.5,28.876785714285717,61.39999999999999,81.8,48.194444444444436,50.89999999999999,29.08333333333334,22.45,97.6,62.4,14.35,61.0,15.0,35.2,10.35,11.75,22.63125,19.42142857142857,224.5,188.5,23.861764705882354,9.43,26.45,8.531111111111109,10.05,13.65,19.0,8.2,18.1,57.5,117.0,14.0,49.9,67.2,18.15,90.9,33.86666666666667,95.2,150.0,36.45,55.3,8.86,105.0,60.88888888888889,71.7,426.0,35.725,212.0,16.0,192.5,187.5,92.4,258.0,41.35,85.18571428571428,37.44,35.45,33.626,57.46666666666667,71.1,60.88,70.5,30.0,529.6666666666666,19.9925,55.4,383.25,251.0,33.5,11.5,161.5,37.33333333333334,85.49473684210527,42.7875,129.72222222222223,96.79999999999998,289.0,61.79999999999999,227.0,43.544594594594614,11.08,98.425,278.5,346.0,16.533333333333335,15.949999999999998,54.86551724137931,47.84166666666667,9.293181818181818,20.071428571428573,13.35,24.05,12.25,11.2,19.166666666666668,15.845897435897436,210.25,2890.0,102.0,11.350109649122805,71.0,87.0,14.050000000000002,76.6,49.496
74.8,9.1,30.2,30.8,14.2,273.0,27.15,53.4,105.5,180.0,7.72,70.4,24.600000000000005,28.7,42.8,109.5,42.2,13.15,18.1,36.8,183.375,442.0,29.85,20.65,47.75,31.899999999999995,24.15,24.100000000000005,388.5,22.95,18.9,51.89999999999999,7.360000000000001,36.35,10.75,13.65,16.85,59.5,38.04473684210527,31.5,28.9,61.36666666666666,81.8,48.175,51.0,29.05,22.45,97.4,62.425,14.25,61.0,14.949999999999998,35.25,10.3,11.75,22.6,19.4,224.0,188.0,23.875,9.43,26.45,8.54,10.05,13.65,19.0,8.2,18.1,57.48333333333333,116.58333333333331,13.975,49.9,67.3,18.15,90.925,33.9,95.1,150.29365079365078,36.45,55.223076923076924,8.85,104.78571428571428,60.8,71.7,425.0,35.75,212.0,15.949999999999998,192.5,187.0,92.4,258.0,41.35,85.2,37.45,35.475,33.60208333333333,57.4,71.15,60.85,70.5,30.0,530.0,19.982191780821914,55.375,383.0,252.0,33.4,11.5,161.5,37.33333333333334,85.45555555555556,42.786,130.0,96.9,289.0,61.8,226.75,43.66666666666666,11.050000000000002,98.4,278.5,346.25,16.544444444444448,16.0,54.9,47.81499999999999,9.290833333333332,20.066666666666666,13.35,24.05,12.25,11.243333333333334,19.18846153846154,15.85,210.0,2890.0,102.0,11.361111111111109,71.0,87.0,14.050000000000002,76.5,49.4
74.8,9.09,30.16666666666667,30.8,14.25,273.0,27.1,53.43333333333334,105.5,180.0,7.72,70.3,24.65,28.7,42.8,109.0,42.2,13.15,18.125,36.8,183.0,443.0,29.8,20.65,47.725,31.9,24.15,24.1,388.5,22.950000000000006,18.885714285714286,51.71272727272727,7.355769230769232,36.4,10.800000000000002,13.65,16.85,59.35,38.1,31.5,28.934615384615388,61.39166666666667,81.8,48.16,51.0,29.05,22.4,97.6,62.5,14.35,60.99,15.0,35.2,10.3,11.75,22.6125,19.45,224.5,188.5,23.861764705882354,9.44,26.45,8.531111111111109,10.05,13.65,19.0,8.21,18.146153846153844,57.4,117.0,14.0,49.9,67.2,18.15,91.0,33.86666666666667,95.01176470588236,150.54,36.45,55.21250000000001,8.86,105.0,60.9,71.725,423.5,35.725,212.0,15.995454545454544,192.4,187.5,92.4,258.0,41.35,85.2,37.433333333333344,35.45,33.60833333333333,57.4,71.1,60.85,70.6,30.0,529.8333333333334,20.0,55.4,383.25,251.5,33.46666666666667,11.5,161.5,37.31500000000001,85.46470588235293,42.76470588235294,129.734375,96.9,288.925,61.72000000000001,227.0,43.65416666666666,11.05,98.42068965517241,278.75,346.5,16.546,15.949999999999998,54.89999999999999,47.769230769230774,9.290625,20.05,13.35,24.042857142857148,12.25,11.25,19.177272727272726,15.849999999999998,210.5,2890.0,102.0,11.355696202531648,70.92857142857143,86.98474576271187,14.050000000000002,76.5,49.5
74.8,9.1,30.15,30.8,14.2,273.0,27.100000000000005,53.4,106.0,180.0,7.7200000000000015,70.4,24.65,28.7,42.8,109.5,42.1875,13.15,18.15,36.8,183.5,444.0,29.85,20.65,47.75,31.9,24.15,24.1,388.5,22.96,18.9,51.72894736842106,7.358778625954199,36.35,10.771428571428574,13.65,16.804054054054056,59.4,38.1,31.55,28.950000000000006,61.4,81.8,48.188888888888904,50.9,29.05,22.4,97.6,62.5,14.3,60.96666666666667,14.949999999999998,35.25,10.3,11.75,22.6,19.4,224.0,188.0,23.875,9.43,26.4,8.53,10.05,13.65,19.0,8.2,18.1,57.4,117.0,13.975,49.9,67.2,18.166666666666668,91.0,33.9,95.2,150.85294117647058,36.48333333333333,55.2,8.85,104.85,60.9,71.8,421.625,35.75,212.0,15.95,192.0,187.5,92.4,258.0,41.35,85.3,37.45,35.5,33.59264705882353,57.5,71.15,60.8,70.5,30.0375,530.0,19.985714285714284,55.4125,383.0,252.0,33.5,11.5,161.5,37.30357142857143,85.4,42.8,129.9,96.9,289.0,61.79999999999999,226.75,43.70166666666667,11.05,98.4,278.5,346.33333333333326,16.548888888888882,15.95,54.89302325581396,47.8,9.298403361344537,20.08076923076923,13.3,24.05,12.21875,11.243333333333334,19.19485294117647,15.85,210.5,2890.0,102.0,11.350666666666665,70.92857142857143,87.09,14.050000000000002,76.5,49.4
74.8,9.1,30.149999999999995,30.8,14.2,272.9375,27.066666666666666,53.43333333333334,106.0,180.5,7.72,70.3,24.65,28.7,42.8,109.0,42.183333333333344,13.15,18.15,36.8,183.5,443.0,29.85,20.65,47.725,31.9,24.15,24.1,388.5,22.97358490566037,18.886363636363637,51.704761904761895,7.364721603563473,36.4,10.764285714285712,13.65,16.85,59.35,38.1,31.529411764705888,28.899999999999995,61.328571428571436,81.8,48.19285714285714,51.0,29.096875000000004,22.4,97.6,62.5,14.3,60.99,14.949999999999998,35.2,10.35,11.75,22.6,19.4,224.5,188.5,23.861764705882354,9.44,26.4,8.53,10.05,13.65,18.999193548387094,8.21,18.107142857142858,57.4,116.66666666666669,13.952499999999995,49.9,67.2,18.15,91.0,33.885,95.01176470588236,150.9375,36.45,55.13333333333333,8.86,105.0,60.9,71.725,420.0,35.725,212.0,16.0,192.5,187.5,92.4,258.0,41.3,85.36923076923077,37.45,35.5,33.6,57.47083333333333,71.13,60.79999999999999,70.6,30.0,530.75,19.992941176470584,55.5,382.5,251.5,33.478571428571435,11.521052631578947,161.64285714285714,37.32666666666667,85.4173076923077,42.790277777777774,129.64285714285714,96.99285714285715,288.925,61.78,227.0,43.768,11.083333333333336,98.41282051282052,278.6,346.5,16.55,15.95,54.89285714285714,47.76190476190475,9.298991596638658,20.05,13.35,24.00232558139535,12.25,11.207142857142856,19.19375,15.856456953642384,210.5,2890.0,102.0,11.35,70.96153846153847,87.02666666666669,14.05,76.5,49.45
74.8,9.09,30.15,30.8,14.2,273.0,27.1,53.4,106.0,180.0,7.713333333333334,70.2,24.6,28.7,42.8,109.5,42.15,13.15,18.15,36.8,183.5,444.0,29.85,20.65,47.75,31.9,24.15,24.1,388.5,22.952777777777786,18.9,51.7,7.377563025210082,36.35,10.771428571428574,13.680769230769231,16.85,59.3,38.1,31.55,28.9,61.4,81.8,48.2,50.95,29.119047619047624,22.399999999999995,97.45,62.5,14.3,60.96666666666667,14.949999999999998,35.25,10.35,11.75,22.6,19.4,224.0,188.0,23.875,9.43,26.400495049504947,8.54,10.05,13.65,19.0,8.201666666666666,18.15,57.4,117.0,13.975,49.9,67.3,18.17,91.07142857142857,33.9,95.2,151.0,36.45,55.1,8.85,104.7,60.9625,71.85,420.0,35.75,212.0,16.0,192.5,187.5,92.40000000000002,258.0,41.35,85.46666666666665,37.44583333333333,35.45,33.594897959183676,57.5,71.2,60.84,70.55,30.0125,530.3333333333334,20.0,55.5,383.0,251.5,33.46666666666667,11.5,161.75,37.311627906976746,85.43333333333334,42.78,129.78571428571428,96.9,289.0,61.77499999999999,226.5,43.79375,11.05,98.4,278.5,346.5,16.540000000000006,15.95,54.82000000000001,47.75,9.296875,20.08076923076923,13.341666666666667,24.025,12.199999999999998,11.25,19.166666666666668,15.842134831460676,210.0,2890.0,102.0,11.35,70.93055555555556,87.0,14.050000000000002,76.5,49.43000000000001
74.8,9.1,30.149999999999995,30.8,14.2,273.0,27.104,53.43333333333334,106.0,180.5,7.72,70.3,24.600000000000005,28.7,42.816666666666656,109.0,42.15,13.15,18.2,36.8,183.5,444.0,29.85,20.7,47.725,31.9,24.15,24.1,388.5,22.95,18.86578947368421,51.704761904761895,7.380000000000001,36.4,10.775,13.65,16.85,59.35,38.06,31.550000000000004,28.877272727272725,61.4,81.8,48.2,51.0,29.15,22.4,97.55,62.46,14.3,60.96666666666667,14.949999999999998,35.2,10.3,11.75,22.6,19.4,224.5,188.5,23.861764705882354,9.44,26.4,8.53,10.004545454545452,13.65,19.0,8.200999999999999,18.15,57.4,116.625,13.949999999999998,49.9,67.2,18.16,91.19090909090907,33.885,95.1,151.4074074074074,36.45,55.1,8.86,105.0,60.9,71.93714285714286,420.0,35.725,212.0,16.0,192.5,187.5,92.4,258.0,41.25,85.39999999999998,37.46086956521739,35.5,33.55833333333333,57.4,71.13,60.8,70.5,30.0,531.0,20.041666666666668,55.4,382.5,251.5,33.478571428571435,11.5,161.58333333333334,37.30833333333333,85.5,42.79999999999999,130.0,96.99285714285715,288.5,61.78571428571429,227.0,43.80238095238095,11.060317460317462,98.40208333333334,278.625,346.5,16.547500000000007,15.95,54.79999999999999,47.75,9.295625,20.06590909090909,13.35,24.05,12.2,11.206382978723406,19.157142857142862,15.855172413793106,210.5,2890.0,102.0,11.347058823529412,70.93333333333334,87.01428571428569,14.05,76.5,49.4
74.8,9.1,30.15,30.8,14.2,273.0,27.15,53.4,105.75,180.0,7.71,70.4,24.6,28.7,42.85,109.5,42.15,13.1,18.15,36.8,183.5,444.0,29.85,20.65,47.75,31.899999999999995,24.15,24.1,388.5,22.95,18.85,51.785714285714285,7.389999999999999,36.35,10.758333333333333,13.657317073170734,16.85,59.4,38.1,31.6,28.9,61.4,81.8,48.2,51.0,29.149999999999995,22.399999999999995,97.5,62.49411764705883,14.3,61.0,14.95,35.25,10.35,11.75,22.6,19.4,224.0,188.0,23.9,9.43,26.365178571428572,8.53,10.0,13.65,19.008333333333333,8.202499999999999,18.15,57.4,117.0,13.95,49.9,67.3,18.2,91.25,33.9,95.2,151.45,36.45,55.2,8.86,104.8125,60.8,72.0,420.0,35.75,212.0,15.99736842105263,192.5,187.5,92.3,258.0,41.25,85.4,37.45,35.45,33.6,57.432258064516134,71.2,60.83333333333334,70.55,30.0,530.75,20.08776595744681,55.4,383.0,251.5,33.46666666666667,11.5,161.5,37.307692307692314,85.4923076923077,42.84266304347826,129.83333333333334,97.0,289.0,61.75,226.5,43.75,11.094736842105265,98.40714285714287,278.8333333333333,346.16666666666674,16.525000000000002,15.95,54.8,47.74523809523809,9.2903125,20.075,13.35,24.0,12.225,11.245,19.153846153846157,15.866666666666667,210.5,2890.0,101.99734042553192,11.35,70.93055555555556,87.05,14.1,76.53333333333333,49.40454545454546
74.8,9.09909090909091,30.15,30.8,14.2,273.0,27.1,53.5,106.0,180.5,7.71,70.3,24.600000000000005,28.7,42.85,109.0,42.15833333333333,13.15,18.15,36.8,183.44444444444446,444.0,29.85,20.7,47.725,31.9,24.15,24.1,388.5,22.94814814814815,18.85,51.79999999999999,7.3980428954423605,36.35,10.75,13.65,16.810526315789474,59.4,38.05588235294118,31.5875,28.86818181818182,61.4,81.8,48.2,50.9,29.1,22.4,97.4,62.5,14.3,60.94,14.95,35.2,10.346875,11.75,22.6,19.4,224.5,188.5,23.861764705882354,9.44,26.362195121951213,8.53,10.004545454545452,13.669999999999998,19.05,8.2,18.1,57.4,117.0,13.95,49.9,67.34285714285714,18.19230769230769,91.3,33.885,95.1,151.41666666666666,36.45,55.2,8.86,105.0,60.8,72.0,420.0,35.725,212.0,16.0,192.5,187.25,92.4,258.0,41.25,85.39999999999998,37.49132653061225,35.5,33.55833333333333,57.43529411764707,71.13,60.8,70.5,30.04642857142857,531.0,20.066981132075476,55.4,382.5,251.5,33.478571428571435,11.5,161.625,37.34659090909091,85.5,42.817741935483866,129.83333333333334,97.0,288.5,61.79999999999999,227.0,43.8175,11.050000000000002,98.40434782608696,278.5,346.41666666666674,16.544642857142858,15.95,54.8,47.73222222222223,9.294444444444443,20.1,13.35,24.05,12.2,11.244827586206897,19.15,15.897554347826087,210.0,2895.0,102.0,11.35,70.9,87.0,14.071052631578945,76.5,49.4
74.8,9.098,30.15,30.775,14.2,273.0,27.1,53.4,105.5,180.75,7.72,70.4,24.65,28.7,42.8,109.0,42.19166666666667,13.15,18.18571428571429,36.8,183.5,444.0,29.85,20.7,47.75,31.85,24.116666666666664,24.1,389.0,22.95,18.85,51.82941176470587,7.395267857142858,36.35,10.8,13.657317073170734,16.85,59.4,38.05,31.6,28.850000000000005,61.3875,81.8,48.2,51.0,29.111538461538462,22.399999999999995,97.5,62.5,14.3,60.99565217391305,14.95,35.25,10.35,11.75,22.600000000000005,19.4,224.0,188.0,23.9,9.43,26.35,8.53,10.0,13.65,19.05,8.2016,18.1,57.38,116.75,13.95,49.85,67.4,18.15,91.13333333333333,33.9,95.2,151.35714285714286,36.49166666666667,55.125,8.86,104.625,60.78666666666666,72.03492063492064,420.0,35.75,212.0,15.99736842105263,192.5,187.5,92.3,258.0,41.25,85.4,37.46153846153846,35.45,33.55,57.4,71.2,60.83333333333334,70.5,30.0,531.0,20.095419847328245,55.4,383.0,251.5,33.5,11.500757575757575,161.5769230769231,37.34375,85.42307692307692,42.809411764705885,129.54166666666666,96.975,289.0,61.76666666666667,226.5,43.7875,11.05,98.41,278.5,346.0,16.54,16.0,54.707462686567176,47.69765625,9.292727272727273,20.050000000000004,13.357142857142858,24.0,12.225,11.205555555555556,19.2,15.88125,210.5,2890.0,102.0,11.35,71.0,87.0,14.05,76.53333333333333,49.4
74.8,9.1,30.15,30.8,14.2,272.5,27.1,53.4,105.55555555555556,180.5,7.719090909090909,70.2,24.600000000000005,28.7,42.85,109.0,42.175,13.15,18.15,36.8,184.0,444.0,29.85,20.7,47.675,31.9,24.15,24.1,388.5,22.95,18.875,51.9,7.4,36.35,10.75,13.699999999999998,16.825000000000006,59.4,38.012903225806454,31.55,28.850000000000005,61.4,81.925,48.225,50.9,29.100000000000005,22.4,97.6,62.6,14.3,61.0,15.0,35.2,10.346875,11.75,22.641666666666666,19.4,224.5,188.5,23.899999999999995,9.44,26.362195121951213,8.53,10.004545454545452,13.65,19.060661764705888,8.2,18.1,57.4,116.75,13.949999999999998,49.85,67.2,18.191618497109822,91.06666666666666,33.891666666666666,95.05,151.0909090909091,36.5,55.2,8.86,105.0,60.75833333333333,72.1886075949367,420.0,35.7,212.0,16.0,192.0,187.5,92.3,258.0,41.25,85.3,37.48636363636364,35.5,33.55,57.40000000000001,71.13,60.7,70.5,30.04642857142857,531.0,20.06550632911393,55.4,383.0,251.5,33.5,11.5,161.5,37.334615384615375,85.47037037037036,42.81875000000001,129.8125,96.90833333333336,288.6666666666667,61.79999999999999,227.0,43.75,11.08125,98.4,278.625,346.07142857142856,16.5,15.95,54.8,47.666037735849066,9.292307692307693,20.05,13.35,24.05,12.225,11.247619047619047,19.168,15.89074074074074,210.0,2895.0,102.0,11.326190476190474,70.9,87.01176470588236,14.071052631578945,76.5,49.4
74.8,9.098870967741934,30.15,30.775,14.2,273.0,27.1,53.4,105.5,180.75,7.72,70.4,24.6,28.7,42.8,109.0,42.15,13.1,18.195,36.8,183.5,444.0,29.85,20.7,47.75,31.85,24.116666666666664,24.1,389.0,22.950000000000006,18.8625,51.825,7.399710144927535,36.35,10.75,13.699999999999998,16.8,59.4,38.0,31.55,28.85,61.325,82.0,48.2,50.96875,29.149999999999995,22.4,97.36,62.6,14.275,61.0,14.95,35.25,10.3,11.75,22.6,19.4,224.0,188.0,23.899999999999995,9.44,26.4,8.53,10.05,13.65,19.1,8.200261437908496,18.1,57.3,116.75,13.95,49.85,67.4,18.151219512195123,91.1,33.86666666666667,95.0,151.0,36.49166666666667,55.13333333333333,8.86,104.5,60.78666666666666,72.2,420.0,35.65,212.0,15.95,192.02777777777774,187.5,92.4,258.0,41.25,85.4,37.48125,35.45,33.56428571428571,57.32941176470589,71.2,60.73333333333333,70.5,30.05,530.0,20.111206896551725,55.4,383.0,251.0,33.5,11.5,161.625,37.311267605633795,85.5,42.847272727272724,130.0,96.9,289.0,61.78000000000001,227.0,43.60833333333334,11.05,98.41,278.3,346.0,16.547222222222224,15.95,54.865,47.65,9.290499999999998,20.050000000000004,13.35,24.0,12.25,11.225,19.15,15.9,210.5,2890.0,101.75,11.35,71.0,87.00270270270269,14.05,76.53333333333333,49.4
74.8,9.1,30.16666666666667,30.8,14.2,272.5,27.15,53.4,105.5,180.5,7.719090909090909,70.2,24.600000000000005,28.7,42.85,109.0,42.2,13.15,18.2,36.8,183.95454545454547,444.0,29.85,20.7,47.675,31.9,24.15,24.1,389.0,22.959302325581394,18.85,51.673684210526325,7.404629629629628,36.35,10.75,13.699999999999998,16.810000000000002,59.4,37.99,31.55,28.85,61.3090909090909,81.925,48.2,50.9,29.157692307692304,22.4,97.53333333333332,62.6,14.3,61.1,15.0,35.2,10.346875,11.75,22.641666666666666,19.4,224.5,188.5,23.899999999999995,9.44,26.35,8.53,10.004545454545452,13.65,19.094117647058823,8.19,18.1,57.35,116.61111111111113,13.95,49.85,67.4,18.191618497109822,91.2,33.88333333333333,95.09999999999998,151.0,36.5,55.1,8.86,104.75,60.8,72.2357142857143,420.0,35.75,212.0,15.949999999999998,192.0,187.5,92.3,258.0,41.25,85.33333333333333,37.477777777777774,35.5,33.55,57.29999999999999,71.13333333333333,60.7,70.54117647058824,30.0,530.6,20.057547169811322,55.422222222222224,383.0,251.5,33.5,11.5,161.5,37.32631578947369,85.49411764705883,42.841134751773055,129.71875,96.86666666666667,288.6666666666667,61.75,227.0,43.6,11.05986842105263,98.36111111111113,278.5,345.875,16.5,15.9625,54.89285714285713,47.65000000000001,9.293333333333333,20.1,13.355882352941176,24.04761904761905,12.225,11.2,19.15625,15.89074074074074,210.5,2890.0,101.875,11.348376623376625,70.91666666666667,87.0,14.050000000000002,76.5,49.3925925925926
74.8,9.1,30.15,30.775,14.2,273.0,27.1,53.5,105.5,180.5,7.73,70.4,24.6,28.7,42.8,109.0,42.18076923076923,13.1,18.195,36.8,183.5,444.0,29.85,20.65,47.65,31.85,24.116666666666664,24.1,389.0,23.0,18.8875,51.825,7.411190476190477,36.4,10.742222222222221,13.65,16.80227272727273,59.4,38.0,31.6,28.85,61.29999999999999,82.0,48.21666666666667,51.0,29.15,22.399999999999995,97.28333333333336,62.5,14.275,61.1,15.0,35.25,10.3,11.75,22.6,19.4,224.0,188.0,23.899999999999995,9.441428571428572,26.364285714285714,8.53,10.05,13.65,19.1,8.200261437908496,18.116666666666667,57.3,116.5,13.946774193548384,49.85,67.3,18.151219512195123,91.2,33.86666666666667,95.09999999999998,150.95,36.5,55.2,8.87,104.625,60.78666666666666,72.3,420.0,35.65,212.0,15.95,192.02777777777774,187.5,92.4,258.0,41.25,85.32857142857142,37.45,35.45,33.550000000000004,57.3,71.2,60.70000000000001,70.5,30.0,530.5,20.067283950617284,55.5,383.0,251.0,33.475,11.516666666666667,162.0,37.342424242424244,85.49375,42.817796610169495,129.53947368421052,96.9,289.0,61.73333333333333,226.5,43.61666666666667,11.05,98.3181818181818,278.5,346.0,16.547727272727272,15.95,54.76153846153846,47.62272727272728,9.293783783783782,20.05,13.35,24.03333333333333,12.2,11.25,19.166666666666664,15.890909090909092,210.0,2890.0,102.0,11.35,70.9,87.0,14.05,76.53333333333333,49.2625
74.7,9.09,30.200000000000006,30.8,14.2,272.5,27.1,53.5,105.5,180.5,7.719090909090909,70.24285714285715,24.6,28.65,42.8,109.0,42.2,13.15,18.2,36.8,184.0,444.0,29.85,20.7,47.675,31.85,24.15,24.1,389.0,22.95,18.888888888888886,51.6,7.416166666666667,36.35,10.7390625,13.671428571428573,16.85,59.4,38.0,31.55,28.85,61.27,82.0,48.2,51.0,29.15,22.4,97.4,62.56,14.3,61.0,15.0,35.2,10.346875,11.75,22.6,19.4,224.0,188.5,23.96666666666667,9.44,26.366666666666664,8.53,10.05,13.65,19.09090909090909,8.21,18.1,57.4,116.61111111111113,13.9,49.85,67.3,18.183333333333334,91.2,33.9,95.09999999999998,151.0,36.45,55.14444444444445,8.859285714285713,105.0,60.8,72.2125,420.0,35.7,212.0,15.949999999999998,192.0,187.5,92.3,258.0,41.25,85.33333333333333,37.49782608695652,35.5,33.55,57.3,71.13333333333333,60.79999999999999,70.5,30.0,530.75,20.1,55.5,383.0,251.5,33.45,11.5,161.5,37.339285714285715,85.5,42.85,129.80357142857142,96.86666666666667,288.6666666666667,61.76666666666667,226.5,43.615625,11.05,98.3,278.1666666666667,346.0,16.516666666666666,16.0,54.79999999999998,47.63717948717949,9.293333333333333,20.05,13.349999999999998,24.04761904761905,12.225,11.245238095238097,19.19,15.861111111111109,210.0,2890.0,102.0,11.352083333333333,70.91666666666667,87.0,14.050000000000002,76.5,49.2
74.8,9.09,30.155555555555548,30.775,14.2,273.0,27.07142857142857,53.5,105.5,180.5,7.729999999999999,70.4,24.6,28.7,42.8,109.0,42.15,13.1,18.195,36.8,183.5,444.0,29.8,20.7,47.65,31.85,24.1,24.1,389.0,22.951282051282053,18.8875,51.6,7.418392070484581,36.4,10.75,13.65,16.80227272727273,59.4,38.05,31.55,28.85,61.21666666666667,82.0,48.2,51.0,29.15,22.4,97.4,62.5,14.275,61.0,14.966666666666667,35.2,10.3,11.75,22.6,19.416666666666668,224.5,188.0,23.899999999999995,9.441428571428572,26.4,8.53,10.05,13.65,19.1,8.200261437908496,18.08275862068966,57.3,116.5,13.95,49.85,67.3,18.1875,91.1,33.86666666666667,95.2,150.5,36.5,55.2,8.87,104.5909090909091,60.75000000000001,72.175,420.5,35.65,212.0,15.95,192.0,187.5,92.4,258.0,41.25,85.3,37.45,35.45,33.6,57.3,71.2,60.70000000000001,70.5,30.0,530.5,20.06521739130435,55.4,383.0,251.0,33.475,11.522222222222224,161.625,37.31249999999999,85.45333333333333,42.841025641025645,129.875,96.8,289.0,61.8,226.83333333333331,43.6,11.050000000000002,98.31111111111113,278.0,345.5,16.54615384615385,15.95,54.8,47.612,9.290625,20.052941176470586,13.35,24.0375,12.2,11.25,19.15,15.9,210.0,2890.0,102.0,11.4,70.9090909090909,86.9,14.05,76.53333333333333,49.2
74.8,9.09,30.2,30.75,14.2,272.5,27.100000000000005,53.4,105.25,180.5,7.73,70.24285714285715,24.6,28.7,42.8,109.0,42.106666666666655,13.15,18.2,36.8,183.5,444.0,29.85,20.7,47.675,31.83333333333333,24.1,24.100000000000005,389.0,22.950000000000006,18.875,51.6,7.450392609699769,36.35,10.716666666666663,13.671428571428573,16.85,59.4,38.04,31.57758620689655,28.9,61.029268292682936,82.0,48.17857142857143,51.0,29.1225,22.4,97.5,62.5,14.3,61.0,14.95,35.25,10.3,11.75,22.6,19.4,224.0,188.5,23.9,9.44,26.35,8.53,10.05,13.65,19.09090909090909,8.2,18.05,57.4,116.75,13.914285714285715,49.85,67.3,18.15,91.15,33.89,95.1,151.0,36.45,55.2,8.859285714285713,104.5,60.8,72.05384615384615,420.0,35.7,212.0,16.0,192.0,187.5,92.3,257.5,41.25,85.3,37.45,35.45,33.55,57.3,71.13333333333333,60.675,70.5,30.084224598930483,531.0,20.1,55.5,383.0,251.0,33.45,11.515789473684213,161.5,37.3421052631579,85.46521739130434,42.85,129.64285714285714,96.8,288.6666666666667,61.74999999999999,226.57142857142856,43.561904761904756,11.054054054054058,98.3,278.0,345.58333333333326,16.545454545454547,15.95,54.8,47.64130434782609,9.29090909090909,20.059198113207547,13.35,24.04761904761905,12.205128205128204,11.2,19.15,15.9,210.5,2890.0,102.0,11.4,70.91666666666667,86.9,14.050000000000002,76.41428571428571,49.2
74.7,9.090833333333334,30.191666666666666,30.75,14.2,272.8333333333333,27.100000000000005,53.5,105.0,180.0,7.73,70.4,24.6,28.65,42.78333333333333,109.0,42.083333333333336,13.1,18.2,36.8,183.5,444.0,29.85,20.7,47.7,31.8,24.1,24.1,389.0,22.9,18.85,51.6,7.467765151515151,36.4,10.7,13.652941176470588,16.85,59.46666666666667,38.07857142857143,31.55,28.869047619047624,60.89675324675324,82.0,48.15,51.0,29.1,22.4,97.4,62.4875,14.275,61.0,15.0,35.2,10.3,11.75,22.600000000000005,19.40909090909091,224.5,188.0,23.9,9.441428571428572,26.35,8.54,10.05,13.65,19.111772151898734,8.2,18.05625,57.3,117.0,13.95,49.85,67.3,18.15,91.05555555555556,33.86666666666667,95.1,150.5,36.5,55.11176470588235,8.87,104.5,60.75000000000001,72.00909090909092,420.5,35.75,212.0,15.95,191.83333333333331,187.5,92.4,258.0,41.25,85.31666666666666,37.42,35.46250000000001,33.550000000000004,57.275,71.1,60.7,70.5,30.05531914893617,531.0,20.092045454545453,55.5,383.0,251.0,33.5,11.5,161.35,37.33500000000001,85.49333333333334,42.85,130.0,96.79230769230769,289.0,61.74000000000001,226.83333333333331,43.55,11.05,98.29999999999998,278.1666666666667,345.66666666666674,16.589655172413796,15.95,54.867741935483856,47.611111111111114,9.293333333333333,20.060714285714287,13.35,24.05,12.207581967213116,11.2,19.1625,15.9,210.0,2890.0,102.0,11.350961538461537,70.9,86.96666666666665,14.05,76.43333333333334,49.2
74.8,9.086938775510202,30.2,30.775,14.2,272.5,27.1,53.4,105.25,180.5,7.74,70.24285714285715,24.6,28.7,42.8,109.0,42.106666666666655,13.15,18.2,36.8,183.5,444.0,29.85,20.7,47.675,31.85,24.1,24.100000000000005,389.0,22.95,18.875,51.6,7.477556561085974,36.35,10.733333333333334,13.671428571428573,16.85,59.4,38.06666666666667,31.55,28.85,60.810526315789474,82.0,48.15000000000001,51.0,29.093478260869563,22.3875,97.4,62.41071428571429,14.325,61.0,14.95,35.25,10.3,11.75,22.6,19.4,224.0,188.5,23.9,9.44,26.32586206896552,8.530625,10.05,13.65,19.111278195488726,8.2,18.077272727272728,57.4,116.64285714285714,13.949999999999998,49.85,67.2,18.15,91.0,33.85,95.0,150.5,36.5,55.1,8.859285714285713,104.5,60.8,72.05714285714284,422.5,35.7,212.0,15.95,191.5,187.0,92.3,257.5,41.25,85.3,37.45,35.45,33.55,57.2,71.13333333333333,60.675,70.5,30.1,530.25,20.1,55.575,383.0,251.0,33.45,11.5,161.0,37.33571428571429,85.49285714285716,42.85000000000001,130.0,96.8,288.6666666666667,61.79999999999999,226.57142857142856,43.56666666666666,11.067857142857141,98.31428571428572,278.0,346.0,16.55,15.95,54.747368421052634,47.617977528089895,9.29090909090909,20.058333333333334,13.3,24.0,12.2,11.25,19.2,15.86,210.5,2890.0,102.0,11.351442307692306,70.91666666666667,86.9,14.050000000000002,76.5,49.15
74.7,9.08,30.191666666666666,30.75,14.2,273.0,27.100000000000005,53.5,105.0,180.0,7.74,70.4,24.6,28.65,42.78333333333333,109.0,42.1,13.15,18.2,36.8,183.5,444.0,29.85,20.7,47.7,31.83,24.1,24.1,389.0,22.9,18.875,51.6,7.463574144486692,36.4,10.7,13.65,16.84,59.46666666666667,38.1,31.55833333333333,28.869047619047624,60.8175,82.0,48.153125,51.0,29.1,22.35,97.3,62.4875,14.275,61.09375,14.95,35.225,10.3,11.75,22.6,19.4,224.5,188.0,23.9,9.441428571428572,26.305555555555557,8.53,10.05,13.65,19.10909090909091,8.2,18.1,57.28571428571429,117.0,13.95,49.85,67.2,18.15,91.05555555555556,33.86666666666667,94.90000000000002,150.5,36.5,55.2,8.85,104.5,60.75000000000001,72.0,420.5,35.7,212.0,15.95,192.0,187.5,92.4,258.0,41.25,85.3,37.42,35.45,33.55,57.20000000000001,71.1,60.70000000000001,70.5,30.1,531.0,20.089473684210525,55.5,383.0,251.0,33.5,11.5,161.16666666666666,37.30833333333333,85.5,42.85,129.55882352941177,96.8,289.0,61.77499999999999,226.0,43.56666666666666,11.05,98.3142857142857,278.25,345.875,16.547916666666666,15.95,54.7046511627907,47.65,9.295454545454543,20.030882352941177,13.35,24.05,12.184859154929578,11.24375,19.1875,15.85,210.5,2885.0,102.0,11.35,70.9,86.96666666666665,14.091666666666667,76.475,49.2
74.7,9.086938775510202,30.15,30.775,14.2,272.5,27.05,53.4,105.0,180.0,7.74,70.24285714285715,24.6,28.7,42.75,109.0,42.0611111111111,13.15,18.2,36.8,183.5,444.0,29.85,20.75,47.675,31.85,24.1,24.1,389.0,22.9,18.9,51.6,7.4700000000000015,36.35,10.7,13.675,16.8,59.4,38.059090909090905,31.55,28.85,60.875,82.0,48.175,50.9,29.055,22.4,97.3,62.4,14.325,61.0,15.0,35.25,10.3,11.75,22.6,19.4,224.0,188.5,23.9,9.44,26.35,8.521249999999998,10.05,13.65,19.1,8.2,18.1,57.2,116.64285714285714,13.942857142857141,49.85,67.19999999999999,18.15,91.0,33.875,94.84444444444445,150.5,36.5,55.15000000000001,8.85,104.53571428571428,60.8,72.0,422.5,35.7,212.0,15.95,191.5,187.0,92.3,257.5,41.25,85.2,37.40625,35.45,33.6,57.2,71.13333333333333,60.75,70.5,30.05,531.0,20.099350649350647,55.6,383.0,251.0,33.45,11.504545454545456,161.07142857142858,37.33200000000001,85.48260869565217,42.84756097560975,130.0,96.8,288.5,61.71818181818183,226.57142857142856,43.56666666666666,11.052205882352938,98.3,278.1666666666667,345.53571428571433,16.5425,15.95,54.74000000000001,47.64999999999999,9.291304347826086,20.05,13.3,24.05,12.2,11.2375,19.15,15.875,210.0,2890.0,102.0,11.359375,70.91666666666667,86.9,14.05,76.5,49.2
74.7,9.088983050847462,30.2,30.75,14.2,272.92857142857144,27.1,53.5,105.0,179.63636363636363,7.73,70.3,24.65,28.649999999999995,42.78333333333333,109.41666666666669,42.1,13.15,18.2,36.8,183.5,444.0,29.85,20.714285714285715,47.7,31.83,24.1,24.1,389.0,22.875,18.88125,51.6,7.4688970588235275,36.4,10.699999999999998,13.64,16.784158415841585,59.4,38.05,31.55833333333333,28.85,60.89375,82.0,48.16,50.93333333333334,29.05,22.35,97.3,62.40454545454546,14.275,61.01666666666667,15.0,35.225,10.3,11.797619047619047,22.6,19.4,224.5,188.0,23.9,9.44,26.316666666666666,8.53,10.05,13.65,19.1,8.2,18.0875,57.28571428571429,116.52941176470587,13.95,49.85,67.1,18.125,90.96666666666664,33.9,94.9,150.0,36.5,55.2,8.85,104.5,60.75000000000001,71.98,420.5,35.65,212.0,15.95,191.875,187.5,92.4,258.0,41.25,85.2,37.395833333333336,35.45,33.550000000000004,57.3,71.1,60.8,70.5,30.05,530.4444444444445,20.100000000000005,55.5,383.0,251.0,33.45,11.5,161.125,37.3404761904762,85.44761904761907,42.80409482758621,130.0,96.8,289.0,61.75,226.5,43.51666666666667,11.05,98.33333333333331,278.0,346.0,16.547916666666666,16.0,54.76153846153846,47.65,9.293124999999998,20.0,13.35,24.05,12.15,11.225,19.15,15.85,210.5,2885.0,102.0,11.375,70.84615384615384,86.9,14.091666666666667,76.5,49.2962962962963
74.7,9.08,30.17857142857143,30.775,14.2,273.0,27.1,53.4,105.0,180.0,7.74,70.3,24.6,28.65,42.75,109.0,42.05,13.15,18.2,36.8,183.0,444.0,29.85,20.7,47.675,31.85,24.15,24.1,389.0,22.85,18.9,51.6,7.450384615384616,36.35,10.699999999999998,13.675,16.8,59.4,38.05,31.55,28.850000000000005,60.972727272727276,82.0,48.15,50.95,29.05,22.4,97.3,62.3,14.325,61.075,15.0,35.25,10.3,11.75,22.6,19.4,224.0,188.5,23.925,9.44,26.35,8.52,10.05,13.65,19.1,8.191666666666665,18.083333333333336,57.2,117.0,13.942857142857141,49.9,67.2,18.15,91.0,33.875,94.85,150.5,36.55,55.15000000000001,8.84,105.0,60.9,71.9,422.5,35.65,212.0,15.95,191.8,187.0,92.3,257.5,41.25,85.2,37.4,35.5,33.55833333333333,57.2,71.13333333333333,60.7,70.5,30.050000000000004,531.0,20.1,55.6,383.0,251.0,33.45,11.5,161.0,37.31527777777777,85.49767441860466,42.76345454545454,129.8625,96.8,288.5,61.8,226.57142857142856,43.54999999999999,11.05,98.29999999999998,278.0,345.83333333333326,16.593589743589746,16.0,54.8,47.61808510638298,9.290625,20.045454545454547,13.3,24.0,12.158333333333333,11.216666666666667,19.16363636363636,15.875,210.5,2890.0,102.0,11.35,70.91666666666667,86.9,14.1,76.42857142857143,49.35
74.7,9.09,30.2,30.65,14.2,273.0,27.1,53.5,105.0,179.63636363636363,7.740000000000001,70.3,24.65,28.649999999999995,42.78333333333333,109.41666666666669,42.05,13.15,18.2,36.8,183.5,444.0,29.85,20.714285714285715,47.7,31.83,24.1,24.1,389.0,22.87857142857143,18.88125,51.6,7.4537499999999985,36.4,10.7375,13.64,16.784158415841585,59.4,38.05,31.5,28.85,61.0,81.91666666666667,48.06969696969697,50.948387096774205,29.05,22.35,97.2,62.227118644067794,14.35,61.06,14.95,35.225,10.3,11.797619047619047,22.6,19.4,224.0,188.0,23.9,9.44,26.340000000000003,8.524999999999999,10.006896551724138,13.666666666666664,19.100000000000005,8.2,18.096153846153847,57.19000000000001,117.0,13.961111111111109,49.85,67.1,18.15,90.9090909090909,33.9,94.9,150.0,36.55,55.1,8.85,104.5,60.8,72.0,420.5,35.65,212.0,15.95,192.0,187.5,92.4,258.0,41.3,85.3,37.4,35.45,33.55,57.20869565217391,71.1,60.8,70.5,30.05,531.0,20.13225806451613,55.55,383.0,251.0,33.45,11.5,161.0,37.3025,85.5,42.79999999999999,129.75,96.8,289.0,61.728571428571435,226.5,43.55806451612903,11.05,98.3,278.0,346.0,16.59,16.0,54.8,47.629411764705885,9.297368421052632,20.0,13.35,24.0,12.15,11.25,19.189285714285713,15.85,210.33333333333331,2885.0,102.0,11.349999999999998,70.8,86.9,14.05,76.5,49.39999999999999
74.688,9.08,30.17857142857143,30.775,14.2,273.0,27.1,53.4,105.5,180.0,7.74,70.3,24.6,28.65,42.75,109.0,42.00882352941176,13.15,18.2,36.8,183.0,444.0,29.847916666666666,20.7,47.675,31.85,24.15,24.1,389.0,22.9,18.875,51.6,7.45,36.4,10.701923076923077,13.6,16.766666666666666,59.4,38.05,31.5,28.850000000000005,61.00666666666667,82.0,48.0,50.95,29.05625,22.399999999999995,97.2,62.2,14.325,61.085714285714296,15.0,35.25,10.3,11.75,22.6,19.44375,224.0,188.5,23.925,9.44,26.30666666666667,8.52,10.05,13.685714285714285,19.1,8.2,18.05,57.05,116.64285714285714,13.942857142857141,49.9,67.2,18.15,90.8,33.86666666666667,94.9,150.5,36.55,55.15000000000001,8.84,104.5,60.9,71.92500000000003,422.5,35.65,212.0,15.95,191.75,187.0,92.4,257.5,41.3,85.2,37.41666666666666,35.46666666666667,33.55833333333333,57.2,71.13333333333333,60.7,70.5,30.05,531.0,20.133823529411767,55.6,383.0,251.0,33.45,11.50625,161.08333333333334,37.3,85.46000000000002,42.79025974025974,130.0,96.8,288.5,61.771428571428565,226.57142857142856,43.575,11.093333333333335,98.31,278.03846153846155,345.83333333333326,16.593589743589746,16.0,54.78333333333333,47.65,9.290454545454542,20.039285714285715,13.35,24.03,12.15,11.242857142857142,19.175,15.855263157894735,210.5,2890.0,102.0,11.339655172413792,70.91666666666667,86.9,14.1,76.42857142857143,49.375
74.69999999999997,9.085,30.171739130434784,30.65,14.2,273.0,27.1,53.5,105.0,179.63636363636363,7.74,70.23333333333333,24.65,28.649999999999995,42.75,109.0,42.0,13.15,18.2,36.8,183.5,444.0,29.9,20.714285714285715,47.7,31.85,24.1,24.1,389.0,22.9,18.9,51.6,7.450000000000001,36.4,10.706249999999997,13.6,16.784158415841585,59.4,38.01111111111111,31.5,28.85,61.0962962962963,81.91666666666667,48.10000000000001,51.0,29.05,22.35,97.2,62.12439024390243,14.3,61.07692307692307,15.0,35.25,10.3,11.797619047619047,22.6,19.45,224.5,188.0,23.9,9.44,26.3,8.52,10.006896551724138,13.65,19.1,8.2,18.1,57.19000000000001,116.0,13.949999999999998,49.85,67.12121212121211,18.15,90.75,33.9,94.82,150.11111111111111,36.55,55.1,8.84,104.7,60.79999999999999,72.0,420.5,35.65,212.0,15.95,192.0,187.5,92.4,258.0,41.25,85.25,37.4,35.45,33.55,57.25,71.1,60.8,70.55,30.05,531.0,20.131481481481487,55.6,383.0,251.0,33.45,11.5,161.33333333333334,37.30384615384615,85.48333333333333,42.822413793103436,129.92857142857142,96.73333333333332,289.0,61.79999999999999,226.5,43.55,11.052272727272728,98.3,278.0,346.0,16.55,16.0,54.73,47.64999999999999,9.29,20.0,13.35,24.05,12.15,11.2,19.169565217391305,15.9,210.33333333333331,2885.0,102.0,11.35,70.87647058823529,86.8,14.05,76.5,49.35
74.688,9.080196078431372,30.177777777777766,30.775,14.2,273.0,27.05,53.4,105.5,180.0,7.74,70.2,24.6,28.66666666666667,42.75,109.0,42.03333333333333,13.15,18.2,36.8,183.5,444.0,29.847916666666666,20.7,47.75,31.9,24.15,24.1,389.0,22.891666666666666,18.866666666666667,51.60000000000001,7.450606060606061,36.4,10.699999999999998,13.6,16.8,59.4,38.02,31.5,28.850000000000005,61.10476190476191,82.0,48.05,50.9,29.05,22.396153846153847,97.2,62.2,14.325,61.085714285714296,15.0,35.25,10.3,11.75,22.6,19.44375,224.0,188.5,23.9,9.452645161290324,26.3,8.52,10.05,13.65,19.1,8.2,18.1,57.0,116.5,13.95,49.9,67.08,18.15,90.72,33.85,94.9,150.0,36.55,55.2,8.84,104.91666666666669,60.9,72.0,422.5,35.65,212.0,15.95,191.7,187.0,92.4,257.5,41.25,85.2,37.391666666666666,35.45,33.525,57.2,71.1,60.75,70.5,30.05,531.0,20.140875912408763,55.55,383.0,251.0,33.45,11.51904761904762,161.0,37.319444444444436,85.5,42.80253164556964,130.0,96.70769230769231,288.5,61.83333333333334,226.57142857142856,43.55625,11.05,98.29999999999998,278.1363636363636,346.0,16.555526315789475,16.0,54.77435897435897,47.645192307692305,9.290277777777778,20.039285714285715,13.35,24.05,12.197560975609756,11.2,19.153846153846157,15.86,210.5,2890.0,102.0,11.34431818181818,70.9,86.79634146341465,14.1,76.42857142857143,49.31875
74.69999999999997,9.08,30.15,30.7,14.2,272.5,27.1,53.4,105.0,179.63636363636363,7.739411764705883,70.23333333333333,24.65,28.649999999999995,42.75,109.0,42.0,13.1,18.2,36.8,183.5,444.0,29.9,20.714285714285715,47.7,31.85,24.141666666666666,24.1,389.0,22.9,18.9,51.6,7.457537688442212,36.35,10.7,13.65,16.8,59.4,38.00833333333333,31.5375,28.85,61.189473684210526,81.91666666666667,48.0,50.914285714285704,29.05,22.399999999999995,97.09999999999998,62.23333333333333,14.3,61.1,14.95,35.25,10.3,11.74741379310345,22.6,19.4,224.5,188.0,23.9,9.45,26.23495145631068,8.522,10.006896551724138,13.65,19.1,8.2,18.11,57.19000000000001,116.5,13.949999999999998,49.85,67.01304347826087,18.15,90.72857142857143,33.9,94.82,150.16666666666666,36.55,55.2,8.84,104.5,60.79999999999999,72.0,423.5,35.65,212.0,16.0,192.0,187.5,92.5,258.0,41.25,85.25,37.35,35.475,33.5,57.3,71.1,60.70000000000001,70.5,30.05,531.0,20.148245614035087,55.6,383.0,251.0,33.49545454545454,11.50357142857143,161.125,37.3,85.5,42.80499999999999,130.0,96.7,289.0,61.83333333333334,226.0,43.54999999999999,11.05,98.32,278.3333333333333,346.0,16.533333333333335,16.0,54.8,47.62499999999999,9.29090909090909,20.0,13.300000000000002,24.05,12.2,11.25,19.195,15.9,210.33333333333331,2885.0,102.0,11.35,70.9,86.72500000000002,14.05,76.45,49.35
74.688,9.08,30.177777777777766,30.775,14.2,272.3333333333333,27.1,53.4,105.5,180.0,7.74,70.2,24.65,28.65,42.75,109.0,42.0,13.1,18.2375,36.8,183.5,444.0,29.9,20.7,47.75,31.875,24.15,24.1,389.0,22.90185185185185,18.85,51.60000000000001,7.455603448275862,36.4,10.704545454545457,13.6,16.8,59.4,38.05,31.5,28.875714285714288,61.2,82.0,48.0,50.89999999999999,29.01891891891892,22.396153846153847,97.15,62.29999999999999,14.325,61.1,15.0,35.25,10.3,11.75,22.555555555555557,19.4,224.5,188.5,23.9,9.452645161290324,26.22631578947368,8.52,10.05,13.65,19.1,8.201132075471698,18.1,57.0,116.75,13.9,49.9,67.00882352941176,18.142857142857142,90.7,33.85,95.0,150.0,36.55,55.2,8.84,104.5,60.9,71.9875,422.5,35.65,212.0,15.95,192.0,187.0,92.4,257.5,41.23333333333333,85.22857142857143,37.35,35.45,33.55,57.2,71.1,60.6,70.58,30.05,530.0,20.151219512195123,55.6,383.0,250.75,33.45,11.5,161.0,37.3,85.5,42.83750000000001,129.89430894308944,96.7,289.0,61.73333333333333,226.0,43.58333333333334,11.05,98.3,278.1,346.0,16.55,16.0,54.76666666666667,47.64999999999999,9.293181818181818,20.04,13.35,24.01219512195122,12.195348837209304,11.205555555555556,19.16,15.869230769230768,210.125,2890.0,101.75,11.35,70.83333333333333,86.7,14.083333333333336,76.42857142857143,49.31875
74.69999999999997,9.077826086956524,30.15,30.65,14.2,272.0,27.1,53.45,105.0,181.0,7.74,70.3,24.65,28.65,42.75,109.0,41.99166666666667,13.1,18.2,36.8,183.5,444.0,29.85,20.7,47.7,31.85,24.141666666666666,24.1,389.0,22.95,18.886666666666667,51.6,7.466461538461538,36.35,10.677419354838712,13.6,16.8,59.4,38.05,31.5,28.85,61.14615384615385,82.0,48.0,50.9,29.00074626865672,22.399999999999995,97.075,62.3,14.35,61.08529411764707,14.95,35.25,10.35,11.74741379310345,22.6,19.4,224.5,188.0,23.95,9.45,26.234,8.52,10.006896551724138,13.65,19.1,8.19,18.1,57.1,117.0,13.949999999999998,49.85,67.1,18.149999999999995,90.7090909090909,33.9,94.7,150.1,36.55,55.23333333333333,8.84,104.58333333333331,60.8,71.9,423.5,35.65,212.0,15.983333333333334,191.66666666666663,187.5,92.475,257.0,41.25,85.2,37.35,35.475,33.50833333333333,57.27,71.1,60.6,70.5,30.05,530.6666666666666,20.15,55.6,383.0,251.0,33.49545454545454,11.5,161.41666666666666,37.309090909090905,85.4421052631579,42.79999999999999,129.76666666666668,96.6,289.0,61.85,226.0,43.50652173913043,11.0,98.3,278.375,346.0,16.549074074074074,16.0,54.7,47.61022727272727,9.29,20.0,13.325,24.050000000000004,12.199999999999998,11.25,19.15434782608696,15.9,210.33333333333331,2885.0,102.0,11.344642857142857,70.8,86.7,14.05,76.45,49.35
74.688,9.0775,30.15,30.65,14.2,272.3333333333333,27.1,53.5,105.5,180.0,7.74,70.2,24.65,28.7,42.75,109.0,41.90833333333333,13.15,18.2375,36.8,183.5,444.0,29.9,20.7,47.75,31.9,24.15,24.1,389.0,22.95,18.9,51.6,7.4637704918032775,36.4,10.676923076923078,13.641666666666666,16.8,59.4,38.05,31.516666666666666,28.875714285714288,61.11428571428571,82.0,48.0,50.89999999999999,29.0375,22.396153846153847,97.0,62.3,14.35,61.0,15.0,35.25,10.35,11.75,22.55,19.4,224.0,188.5,23.9,9.452645161290324,26.2125,8.525454545454545,10.05,13.65,19.1,8.201132075471698,18.1,57.1,116.08823529411764,13.9,49.85,67.1,18.1,90.64,33.85,94.7,150.25,36.55,55.290909090909096,8.849375,104.5,60.9,71.97857142857143,422.5,35.65,212.0,16.0,192.0,187.0,92.4,258.0,41.23333333333333,85.22857142857143,37.35,35.45,33.51875,57.28,71.1,60.7,70.5,30.1,531.0,20.15,55.6,383.0,250.5,33.5,11.5,161.0,37.3,85.41,42.8,129.97727272727272,96.64285714285714,289.0,61.775,226.5,43.46842105263159,11.0,98.31111111111109,278.0,346.0,16.5,15.975,54.7,47.68050847457627,9.293478260869565,20.0375,13.34,24.03333333333333,12.199999999999998,11.245833333333332,19.15,15.9,210.5,2885.0,102.0,11.35,70.9,86.71034482758621,14.1,76.42857142857143,49.3
74.69999999999997,9.07,30.15,30.65,14.2,272.0,27.10333333333333,53.4,105.0,181.0,7.740857142857143,70.22,24.65,28.65,42.75,109.0,41.89545454545454,13.1,18.2,36.8,183.5,444.0,29.899999999999995,20.7,47.7,31.85,24.141176470588235,24.1,389.0,22.950000000000006,18.85,51.6,7.468046875,36.35,10.67,13.6,16.8,59.4,38.0,31.53571428571429,28.85,61.1,82.0,48.02777777777778,50.8,29.0,22.350000000000005,97.0,62.29999999999999,14.35,61.0,14.95,35.25,10.35,11.75,22.55,19.4,224.5,188.0,23.925,9.450571428571427,26.24915966386555,8.529999999999998,10.006896551724138,13.65,19.1,8.19,18.149999999999995,57.1,116.6,13.9,49.8388888888889,67.0,18.120161290322578,90.41702127659576,33.85,94.7,150.5,36.55,55.3,8.84,104.5,60.8,72.0,424.0,35.65,212.0,15.983333333333334,191.5,187.5,92.4,257.0,41.25,85.11666666666666,37.360416666666666,35.5,33.5,57.2,71.1,60.6,70.5,30.05,531.0,20.19036144578313,55.55,383.0,250.5,33.49545454545454,11.5,161.1,37.28823529411764,85.5,42.79618320610687,130.0,96.6,289.0,61.83333333333334,226.0,43.50652173913043,11.045454545454543,98.3,278.2,345.75,16.5,15.949999999999998,54.77894736842105,47.67,9.290526315789473,20.05,13.35,24.020454545454548,12.199999999999998,11.199999999999998,19.149999999999995,15.849999999999998,210.5,2879.166666666666,102.0,11.346296296296293,70.8,86.775,14.05,76.5,49.35
74.688,9.07,30.15,30.65,14.2,272.3333333333333,27.073076923076925,53.5,105.0,180.0,7.74,70.2,24.65,28.7,42.75,109.0,41.85,13.15,18.2375,36.8,183.5,444.0,29.9,20.697619047619046,47.75,31.85,24.15,24.1,386.0,23.0,18.9,51.6,7.465098039215688,36.35,10.65,13.641666666666666,16.8,59.4,37.97142857142858,31.504166666666666,28.875714285714288,61.00666666666667,82.0,48.01818181818182,50.8,29.0,22.35,96.8,62.3,14.3,61.0,15.0,35.25,10.325,11.75,22.55,19.4,224.0,188.5,23.9,9.452645161290324,26.25,8.5207476635514,10.05,13.65,19.05,8.2,18.15,57.1,116.46428571428572,13.9,49.8,66.9,18.1375,90.3,33.9,94.725,150.625,36.55,55.25999999999999,8.849375,104.5,60.9,71.9,422.5,35.65,211.5,15.95,192.0,187.0,92.4,258.0,41.23333333333333,85.22857142857143,37.35,35.5,33.5,57.2,71.0,60.6,70.5,30.1,530.0,20.1965625,55.6,383.0,250.5,33.5,11.5,161.125,37.25217391304348,85.5,42.82083333333333,129.92857142857142,96.6,289.0,61.875,226.0,43.45,11.011627906976745,98.3,278.03333333333336,345.83333333333326,16.5,15.975,54.8,47.7,9.29060606060606,20.025,13.35,24.03333333333333,12.199999999999998,11.242307692307694,19.15,15.85,210.5,2885.0,102.0,11.345,70.89999999999998,86.77499999999998,14.05,76.42857142857143,49.3
74.67857142857143,9.07,30.149999999999995,30.65,14.2,272.0,27.1,53.4,105.0,181.0,7.7388,70.3,24.65,28.7,42.75,109.0,41.85,13.1,18.2,36.8,183.5,444.0,29.899999999999995,20.7,47.7,31.85,24.141176470588235,24.1,389.0,22.95,18.87894736842105,51.6,7.466846153846153,36.4,10.67,13.6,16.75,59.4,38.0,31.5,28.9,61.012,82.0,48.0,50.8,29.05,22.35,96.75,62.35,14.35,60.971428571428575,14.95,35.25,10.3,11.7,22.55,19.4,224.5,188.5,23.925,9.450571428571427,26.232142857142854,8.529999999999998,10.006896551724138,13.65,19.1,8.2,18.15,57.1,116.5,13.9,49.8388888888889,66.91666666666667,18.120161290322578,90.3,33.85,94.7,150.75,36.55,55.3,8.84,104.52941176470587,60.8,71.79999999999998,424.0,35.6,211.5,15.95,192.0,187.5,92.36666666666667,257.0,41.2,85.11666666666666,37.35,35.45,33.51,57.20000000000001,71.05,60.6,70.5,30.05,531.0,20.174226804123712,55.55,382.0,250.5,33.46250000000001,11.5,161.3,37.27297297297297,85.5,42.84594594594596,130.0,96.6,289.0,61.84,226.0,43.46,11.042857142857144,98.31,278.1764705882353,345.75,16.5,15.949999999999998,54.8,47.7,9.279999999999998,20.05,13.3,24.020454545454548,12.199999999999998,11.25,19.191666666666666,15.852083333333333,210.16666666666663,2875.0,102.0,11.35,70.8,86.73571428571428,14.05,76.5,49.3
74.688,9.06,30.15,30.65,14.2,272.3333333333333,27.05454545454546,53.4,105.0,180.0,7.7344444444444465,70.3,24.6,28.675,42.75,109.0,41.85,13.15,18.2375,36.8,183.5,444.0,29.9,20.697619047619046,47.75,31.85,24.17571428571428,24.100000000000005,386.0,22.97142857142857,18.9,51.6,7.459273607748183,36.35,10.65,13.6,16.8,59.45,37.959090909090904,31.5,28.9,60.935,82.0,48.0,50.8,29.05,22.35,96.9,62.29999999999999,14.3,60.95,14.95,35.25,10.3,11.75,22.550000000000004,19.4,224.0,188.5,23.9,9.45,26.25,8.530909090909091,10.05,13.65,19.05,8.2,18.1,57.1,116.5,13.9,49.8,66.9,18.1375,90.35,33.896153846153844,94.7,150.75,36.55,55.23333333333333,8.85,104.51612903225808,60.72500000000001,71.8,422.5,35.65,211.5,15.95,192.0,187.0,92.3,258.0,41.23333333333333,85.1,37.35,35.5,33.5,57.2,71.0,60.6,70.5,30.05,531.0,20.1774193548387,55.5125,383.0,250.5,33.5,11.5,161.16666666666666,37.25666666666667,85.5,42.832352941176474,130.0,96.53333333333336,289.0,61.86666666666667,226.0,43.5,11.0,98.36363636363636,278.0,345.75,16.5,15.975,54.8,47.7,9.28,20.0,13.35,24.03333333333333,12.2,11.2,19.15,15.85,210.5,2885.0,101.5,11.35,70.89999999999998,86.80508474576271,14.05,76.42857142857143,49.3
74.67857142857143,9.07,30.149999999999995,30.65,14.2,272.0,27.05833333333333,53.4,105.0,181.0,7.73,70.3,24.65,28.7,42.785,109.0,41.8,13.1,18.2,36.8,183.5,444.0,29.9,20.7,47.7,31.85,24.141176470588235,24.1,389.0,23.0,18.9,51.7,7.46,36.4,10.666666666666666,13.65,16.8,59.4,38.0,31.5,28.86875,60.8,81.90714285714286,48.00116279069768,50.77586206896552,29.016666666666666,22.35,96.9,62.206896551724135,14.35,61.0,15.0,35.25,10.3,11.699999999999998,22.5,19.4,224.5,188.5,23.9,9.45,26.25,8.529999999999998,10.05,13.65,19.1,8.2,18.114285714285714,57.1,116.22727272727272,13.900000000000002,49.8,66.95,18.1,90.42,33.90000000000001,94.7,150.75,36.55,55.3,8.85,104.33333333333331,60.8,71.89655172413795,424.0,35.6,211.5,15.95,192.0,187.5,92.36666666666667,257.0,41.2,85.1,37.35,35.45,33.5,57.1,71.05,60.70000000000001,70.45384615384616,30.050000000000004,531.0,20.154744525547446,55.5,382.0,250.5,33.46250000000001,11.5,161.0,37.25625,85.5,42.85000000000001,130.0,96.57419354838709,288.4705882352941,61.81666666666666,226.0,43.5,11.0,98.31666666666666,278.0,345.75,16.53,15.949999999999998,54.79999999999999,47.70000000000001,9.283703703703702,20.05,13.35,24.0,12.199999999999998,11.200485436893203,19.15,15.85,210.0,2872.5,102.0,11.35,70.9,86.9,14.05,76.5,49.3
74.8,9.0675,30.1,30.65,14.25,272.3333333333333,27.05454545454546,53.4,105.0,180.0,7.73,70.3,24.65,28.675,42.75,109.0,41.8,13.15,18.2,36.8,183.5,442.0,29.9,20.697619047619046,47.75,31.85,24.2,24.100000000000005,386.0,22.99642857142857,18.888461538461534,51.70000000000001,7.460000000000003,36.35,10.65,13.65,16.764285714285712,59.5,37.98,31.5,28.9,60.9,82.0,48.00555555555556,50.8,29.0375,22.35,96.9,62.1,14.3,60.95,14.95,35.25,10.3,11.75,22.55,19.44736842105263,224.5,188.5,23.9,9.45,26.25,8.530909090909091,10.05,13.65,19.05,8.2,18.13125,57.1,116.5,13.9,49.8,66.825,18.1,90.43,33.9,94.71666666666664,150.5,36.55,55.3,8.84,104.5,60.72500000000001,72.0,424.0,35.65,211.5,15.95,192.0,187.0,92.3,258.0,41.23333333333333,85.11428571428571,37.325,35.45,33.54583333333333,57.1,71.0,60.6,70.5,30.05,531.0,20.17,55.5,383.0,250.5,33.45,11.522222222222224,161.1,37.26470588235294,85.5,42.82689075630253,130.0,96.5125,288.5,61.8,226.0,43.5,11.0,98.3,278.0555555555556,345.7,16.547727272727272,15.975,54.79090909090908,47.68124999999999,9.28346153846154,20.05,13.35,24.0,12.2,11.225,19.111309523809524,15.9,210.5,2885.0,102.0,11.35,70.89999999999998,86.8,14.05,76.42857142857143,49.3
74.7,9.051666666666668,30.15,30.65,14.25,272.0,27.1,53.4,105.45454545454544,180.0,7.73,70.3,24.65,28.7,42.785,109.0,41.8,13.15,18.233333333333334,36.8,183.5,440.625,29.9,20.7,47.7,31.85,24.141176470588235,24.1,389.0,22.969444444444445,18.883333333333333,51.70000000000001,7.46,36.4,10.66875,13.65,16.8,59.4,37.98,31.5,28.9,60.90000000000001,81.8,48.01666666666667,50.7,29.05,22.35,96.9,62.11428571428571,14.35,60.96666666666666,15.0,35.25,10.3,11.75,22.5,19.4,224.5,188.5,23.9,9.45,26.25,8.53,10.05,13.65,19.1,8.2,18.149999999999995,57.1,116.16666666666669,13.949999999999998,49.8,66.9,18.1,90.48333333333332,33.90000000000001,94.7,150.04166666666666,36.55,55.3,8.85,104.0,60.7,72.0,424.0,35.6,211.5,15.95,192.0,187.5,92.36666666666667,257.0,41.2,85.1,37.3,35.46666666666667,33.51428571428572,57.06163522012578,71.1,60.7,70.2,30.050000000000004,531.6666666666666,20.15,55.6,382.0,250.5,33.46250000000001,11.5,161.125,37.25,85.46666666666667,42.81,130.0,96.57419354838709,288.5,61.79999999999999,226.0,43.5,11.0,98.31111111111109,278.125,345.66666666666674,16.5,15.995454545454544,54.835714285714296,47.7,9.2876,20.00909090909091,13.35,24.05,12.199999999999998,11.25,19.146666666666665,15.880769230769232,210.16666666666663,2872.5,102.0,11.3375,70.85,86.8,14.1,76.5,49.3
74.7,9.05,30.1,30.65,14.25,272.3333333333333,27.05,53.4,105.0,180.0,7.731666666666666,70.3,24.600000000000005,28.65,42.75,108.5,41.792857142857144,13.15,18.2,36.8,183.0,442.0,29.9,20.697619047619046,47.75,31.85,24.1875,24.100000000000005,386.0,22.9625,18.85,51.70000000000001,7.46046511627907,36.4,10.65,13.65,16.766666666666666,59.5,38.0,31.45,28.9,60.85,82.0,48.01666666666667,50.7,29.05,22.35,96.75,62.2,14.3,60.95,14.95,35.25,10.325,11.699999999999998,22.55,19.4,224.5,188.5,23.9,9.45,26.25454545454545,8.530909090909091,10.05,13.65,19.05,8.191666666666665,18.15,57.1,116.5,13.95,49.8,66.95,18.15,90.32142857142857,33.9,94.71666666666664,150.375,36.55,55.3,8.84,104.25,60.8,71.97272727272728,424.0,35.55,211.5,16.0,191.83333333333331,187.25,92.3,258.0,41.23333333333333,85.2,37.3,35.45,33.550000000000004,57.05,71.05714285714284,60.675,70.3,30.05,531.25,20.156043956043955,55.5,383.0,250.5,33.45,11.5,161.1,37.26818181818181,85.5,42.85,130.0,96.6,288.5,61.72000000000001,225.5,43.5,11.0,98.325,278.0,345.625,16.54,15.95,54.8,47.70000000000001,9.281538461538462,20.050000000000004,13.3,24.0,12.2,11.25,19.15,15.85185185185185,210.16666666666663,2885.0,102.0,11.35,70.89999999999998,86.8,14.1,76.4,49.325
74.7,9.047272727272727,30.15,30.65,14.25,272.25,27.056666666666665,53.4,105.45454545454544,180.0,7.74,70.3,24.65,28.65,42.75,108.5,41.75,13.15,18.233333333333334,36.8,183.5,440.625,29.9,20.65,47.7,31.9,24.2,24.1,389.0,22.951785714285712,18.85,51.70000000000001,7.449519230769232,36.4,10.66875,13.65,16.8,59.5,37.98333333333333,31.5,28.9,60.87272727272727,81.81666666666666,48.0,50.77272727272727,29.05,22.35,96.9,62.14444444444445,14.325,60.93333333333334,15.0,35.2,10.3,11.75,22.5,19.4,224.5,188.0,23.9,9.45,26.284883720930228,8.53,10.0,13.65,19.09571428571429,8.193333333333335,18.15,57.03333333333333,116.5,13.949999999999998,49.8,66.92500000000001,18.1,90.3047619047619,33.9,94.75,150.04166666666666,36.55,55.25,8.8475,104.2,60.71666666666667,71.97142857142858,424.0,35.6,211.5,15.95,192.3,187.5,92.36666666666667,257.0,41.2,85.2,37.3,35.45,33.51428571428571,57.00714285714286,71.0,60.6,70.2,30.05,531.0,20.149999999999995,55.6,382.0,250.5,33.5,11.5,161.1875,37.25,85.5,42.85000000000001,129.9907407407407,96.5,288.5,61.79999999999999,225.5,43.5,11.0,98.3181818181818,278.3333333333333,345.75,16.545652173913044,16.0,54.8,47.730769230769226,9.280555555555557,20.05,13.35,24.0,12.199999999999998,11.21,19.133333333333333,15.9,210.0,2872.5,102.0,11.35,70.9,86.8,14.05,76.5,49.30454545454546
74.7,9.03,30.1,30.65,14.25,272.0,27.05,53.4,105.0,180.125,7.731666666666666,70.22,24.54545454545455,28.65,42.75,108.5,41.725,13.15,18.2,36.8,183.0,441.0,29.9,20.697619047619046,47.75,31.85,24.2,24.100000000000005,387.0,22.9625,18.85,51.7,7.441230769230771,36.4,10.672222222222222,13.65,16.75,59.5,38.0,31.45,28.85,60.9,82.0,48.0,50.7,29.04318181818182,22.35,96.9,62.15714285714286,14.372222222222224,61.0,14.95,35.25,10.325,11.75,22.55,19.4,224.5,188.0,23.9,9.45,26.25666666666667,8.530909090909091,10.05,13.65,19.05,8.19,18.15,57.1,116.5,13.95,49.8,66.9,18.15,90.21,33.85,94.7,150.0,36.55,55.23333333333333,8.84,104.0,60.72000000000001,71.97142857142856,423.0,35.55,211.5,15.95,191.83333333333331,187.0,92.3,258.0,41.23333333333333,85.2,37.34444444444445,35.45,33.525,57.0,71.0,60.675,70.3,30.05,531.0,20.15,55.525,383.0,250.5,33.45,11.5,161.0,37.272580645161284,85.42,42.84479166666667,129.9375,96.6,288.0,61.75,225.5,43.45,11.019736842105265,98.3,278.3333333333333,345.5555555555556,16.53,16.0,54.8578947368421,47.69347826086957,9.283888888888887,20.0,13.3,24.0,12.2,11.247727272727273,19.15,15.85,210.25,2885.0,102.0,11.349999999999998,70.89999999999998,86.81153846153845,14.1,76.45,49.325
74.7,9.04,30.1,30.65,14.25,272.0,27.057142857142853,53.4,105.5,180.0,7.74,70.3,24.65,28.65,42.75,108.5,41.75,13.1,18.233333333333334,36.8,183.0,440.625,29.9,20.65,47.725,31.9,24.2,24.05,389.0,22.951282051282053,18.891666666666666,51.7,7.438816568047337,36.4,10.66875,13.65,16.8,59.5,38.0,31.5,28.884615384615387,60.96666666666667,81.81666666666666,48.0,50.78,29.0,22.35,96.9,62.1,14.325,61.0,15.0,35.2,10.333333333333334,11.75,22.5,19.359615384615385,224.5,188.0,23.9,9.45,26.25,8.53,10.0,13.65,19.05,8.193333333333335,18.2,57.03333333333333,116.0,13.949999999999998,49.8,66.9,18.1,90.10851063829786,33.85833333333333,94.75,150.0,36.5,55.25,8.8475,104.2,60.71666666666667,71.92222222222222,424.0,35.6,211.0,15.95,192.5,187.5,92.4,257.0,41.2,85.2,37.35,35.5,33.51428571428571,57.0,71.0,60.65000000000001,70.3,30.05,531.0,20.148203592814365,55.6,382.0,250.5,33.5,11.508333333333333,161.08333333333334,37.275,85.47727272727273,42.81969696969696,129.73529411764707,96.5,288.5,61.79999999999999,225.5,43.39444444444445,11.0,98.3,278.0,345.45,16.545652173913044,16.0,54.7388888888889,47.7,9.280512820512818,20.05,13.35,24.0,12.199999999999998,11.25,19.15,15.857142857142858,210.4883720930233,2872.5,102.0,11.35,70.9,86.85,14.05,76.5,49.3
74.7,9.03,30.1,30.65,14.25,272.0,27.00714285714286,53.4,105.5,180.125,7.729999999999999,70.3,24.54545454545455,28.65,42.75,108.5,41.75,13.15,18.2,36.8,183.0,441.0,29.85,20.697619047619046,47.75,31.85,24.2,24.05,387.0,22.95,18.85,51.7,7.439000000000001,36.4,10.65,13.6,16.75,59.5,38.0,31.45,28.85,60.9125,82.0,48.0,50.79999999999999,29.0,22.35,96.9,62.2,14.354166666666664,61.0,14.95,35.25,10.3,11.7,22.5,19.383116883116887,224.5,188.25,23.9,9.45,26.25,8.530909090909091,10.05,13.65,19.05,8.2,18.2,57.1,116.16666666666669,13.95,49.8,66.92500000000001,18.1,90.125,33.9,94.7,150.0,36.55,55.3,8.84,104.375,60.8,71.95,423.0,35.55,211.5,15.95,192.0,187.0,92.3,258.0,41.23333333333333,85.1,37.37,35.46250000000001,33.5,57.0,71.03333333333333,60.70000000000001,70.3,30.05,531.0,20.136666666666667,55.55,383.0,250.5,33.45,11.505882352941176,161.4,37.2625,85.5,42.815909090909095,130.0,96.6,288.0,61.8,225.5,43.35,11.014814814814816,98.3222222222222,278.0,345.5,16.5,16.0,54.8,47.7,9.285454545454543,20.0,13.3,24.05,12.2,11.24,19.1,15.854761904761903,210.5,2885.0,102.0,11.314285714285711,70.89999999999998,86.8,14.1,76.45,49.29999999999999
74.70000000000002,9.03,30.15,30.65,14.25,272.0,27.0,53.4,105.5,180.0,7.7200000000000015,70.3,24.65,28.65,42.8,108.5,41.72976190476191,13.1,18.2,36.8,183.0,440.625,29.9,20.65,47.725,31.866666666666664,24.15,24.05,389.0,22.946350364963497,18.85,51.68333333333334,7.434580152671756,36.4,10.694117647058821,13.645454545454545,16.8,59.5,38.0,31.5,28.85,60.99090909090909,81.81666666666666,48.02500000000001,50.8,29.0,22.35,96.9,62.2,14.4,61.0,14.95,35.2,10.3,11.75,22.525,19.4,224.5,188.5,23.9,9.45,26.25,8.53,10.05,13.65,19.05,8.2,18.2,57.03333333333333,116.5,13.949999999999998,49.8,66.9,18.15,90.37142857142858,33.9,94.7,150.0,36.5,55.25,8.8475,104.0,60.72000000000001,71.9,424.0,35.6,211.0,15.95,192.5,187.5,92.4,257.0,41.25,85.2,37.35,35.45,33.50833333333333,57.0,71.0,60.65000000000001,70.3,30.050000000000008,530.0,20.123076923076926,55.6,382.0,250.5,33.5,11.5,161.5,37.261538461538464,85.5,42.81707317073171,130.0,96.59999999999998,288.5,61.725,225.5,43.38333333333333,11.0,98.35555555555555,278.0,345.45,16.546,16.0,54.75,47.70833333333334,9.281176470588235,20.05,13.35,24.0,12.20253164556962,11.25,19.15,15.857142857142858,210.0,2872.5,102.0,11.35,70.9,86.88333333333333,14.091666666666667,76.5,49.3
74.7,9.025,30.111538461538462,30.65,14.25,272.0,27.05,53.3,105.5,180.125,7.729999999999999,70.3,24.54545454545455,28.65,42.75,108.5,41.8,13.15,18.2,36.8,183.0,441.0,29.899999999999995,20.65,47.75,31.875,24.15,24.05,387.0,22.95,18.9,51.7,7.436315789473685,36.4,10.7,13.65,16.8,59.57000000000001,38.0,31.45,28.85,60.98125,82.0,48.0,50.8,29.0,22.3,96.85,62.2,14.3,61.0,15.0,35.25,10.3,11.75,22.5,19.39375,224.5,188.5,23.907692307692304,9.45,26.25,8.530909090909091,10.05,13.65,19.1,8.2,18.15,57.1,116.16666666666669,13.949999999999998,49.8,66.9,18.1,90.2,33.9,94.7,150.0,36.55,55.3,8.84,104.375,60.70000000000001,71.95,423.0,35.55,211.5,15.95,192.33333333333331,187.0,92.3,258.0,41.23333333333333,85.1,37.37,35.45,33.5,57.0,71.03333333333333,60.70000000000001,70.3,30.05,531.0,20.13367346938775,55.5,383.0,250.5,33.5,11.5,161.16666666666666,37.255555555555546,85.5,42.81341463414634,130.0,96.59999999999998,288.0,61.73333333333333,225.5,43.45,11.01,98.3153846153846,278.0,345.5,16.5,16.0,54.86363636363636,47.75,9.282826086956524,20.0,13.35,24.025,12.216666666666667,11.221428571428573,19.145454545454548,15.85,210.5,2880.0,102.0,11.3375,70.89999999999998,86.8,14.05,76.45,49.29999999999999
74.7,9.04,30.15,30.7,14.205555555555556,272.0,27.0,53.4,105.5,180.0,7.725,70.3,24.65,28.65,42.8,108.5,41.8,13.1,18.2,36.8,183.0,440.625,29.9,20.65,47.75,31.866666666666664,24.15,24.05,386.5,22.944117647058825,18.85,51.68333333333334,7.439302325581397,36.4,10.656521739130435,13.65,16.757142857142856,59.5,38.03181818181818,31.45,28.816666666666666,61.1,81.81666666666666,48.0,50.9,29.0,22.35,96.9,62.20000000000001,14.4,61.0,15.0,35.25,10.3,11.75,22.525,19.4,224.5,188.5,23.9,9.45,26.253125,8.53,10.05,13.65,19.1,8.199444444444444,18.157692307692308,57.03333333333333,116.5,13.949999999999998,49.8,66.9,18.1,90.5,33.9,94.7,150.0,36.5,55.25,8.8475,104.25,60.76666666666667,71.9,424.0,35.6,211.0,15.95,192.5,187.5,92.4,257.0,41.25,85.18333333333334,37.35,35.45,33.5,57.1,71.0,60.65000000000001,70.3,30.05,531.0,20.1030303030303,55.5,382.0,250.5,33.45,11.5,161.41666666666666,37.26111111111111,85.48666666666666,42.802272727272744,130.0,96.59999999999998,288.5,61.78000000000001,225.5,43.38333333333333,11.042105263157897,98.3,278.125,345.4,16.546296296296298,16.0,54.8,47.75,9.281176470588235,20.05,13.312000000000005,24.00357142857143,12.2,11.25,19.1,15.85,210.5,2885.0,102.0,11.361290322580647,70.9,86.83333333333331,14.05,76.5,49.3
74.7,9.025,30.111538461538462,30.65,14.25,271.75,27.05,53.3,105.5,180.0,7.72,70.3,24.54545454545455,28.65,42.79999999999999,108.5,41.766666666666666,13.15,18.2,36.8,183.0,441.0,29.9,20.65,47.75,31.9,24.15,24.05,387.0,22.9125,18.85,51.7,7.431428571428571,36.4,10.679999999999998,13.6,16.8,59.7,38.05,31.45,28.85,61.105,82.0,48.0,50.8,29.00238095238095,22.3,96.9,62.28333333333333,14.3,61.0,15.0,35.25,10.3,11.699999999999998,22.5,19.39565217391304,224.5,188.5,23.907692307692304,9.45,26.3,8.530909090909091,10.05,13.65,19.1,8.198461538461537,18.15,57.1,116.5,13.9,49.8,66.9,18.15,90.3,33.9,94.7,149.75,36.55,55.3,8.84,104.0,60.7,71.9,423.0,35.614285714285714,211.5,15.95,192.375,187.0,92.3,258.0,41.23333333333333,85.26666666666667,37.3,35.5,33.5,57.0,71.03333333333333,60.6,70.3,30.0,531.0,20.1,55.5,383.0,250.5,33.5,11.5,161.4,37.25714285714286,85.5,42.79872611464968,130.0,96.59999999999998,288.0,61.76666666666667,225.5,43.45000000000001,11.05,98.3,278.375,345.75,16.5,16.0,54.79999999999999,47.74107142857143,9.284117647058824,20.05,13.35,24.0,12.15,11.221428571428573,19.12333333333333,15.852272727272727,210.5,2880.0,102.5,11.354545454545455,70.89999999999998,86.8,14.1,76.45,49.3
74.7,9.05,30.149999999999995,30.7,14.25,272.0,27.0,53.4,105.5,180.0,7.725,70.4,24.65,28.65,42.8,108.5,41.8,13.1,18.25,36.8,183.0,440.625,29.85,20.65,47.75,31.85,24.2,24.05,386.5,22.925,18.85,51.68333333333334,7.4338461538461535,36.4,10.68684210526316,13.6,16.8,59.81428571428571,38.025,31.453448275862073,28.85,61.20952380952382,81.81666666666666,48.0,50.9,29.0,22.3,96.9,62.20833333333334,14.4,61.0,15.0,35.25,10.35,11.716666666666667,22.5,19.4,224.5,188.5,23.9,9.45,26.3,8.53,10.05,13.65,19.066666666666666,8.199444444444444,18.15,57.0,116.27272727272728,13.91,49.8,66.89999999999999,18.12777777777778,90.65,33.9,94.7,150.0,36.5,55.25,8.85,104.25,60.8,71.9,424.0,35.65,211.0,15.988461538461538,192.5,187.5,92.4,257.5,41.25,85.4,37.3,35.45,33.458333333333336,57.0,71.0,60.65000000000001,70.2,30.0,531.0,20.1,55.5,382.0,250.5,33.5,11.514285714285714,161.0,37.25833333333333,85.5,42.7921568627451,129.6,96.59999999999998,288.5,61.8,226.0,43.45,11.009210526315789,98.32,278.25,345.75,16.54615384615385,16.0,54.8,47.75,9.289629629629632,20.05,13.325,24.05,12.2,11.240909090909092,19.1,15.855555555555556,210.5,2885.0,102.0,11.35,70.9,86.8,14.05,76.5,49.3
74.72,9.06,30.111538461538462,30.65,14.25,271.75,27.025,53.3,105.5,180.25,7.72,70.3,24.54545454545455,28.65,42.8,108.0,41.85,13.15,18.2,36.8,183.0,441.5,29.850000000000005,20.65,47.75,31.9,24.15,24.05,387.0,22.95,18.85,51.7,7.4398412698412715,36.4,10.699999999999998,13.6,16.75,59.7,38.025,31.45,28.85,61.25,82.0,47.95,50.9,29.0,22.3,96.9,62.20000000000001,14.3,61.1,15.0,35.25,10.347058823529412,11.741666666666667,22.5,19.4,224.5,188.33333333333331,23.9,9.46,26.2625,8.530909090909091,10.05,13.65,19.1,8.19,18.1,57.1,116.25,13.9,49.8,66.9,18.1,90.7,33.9,94.7,150.0,36.55,55.2,8.84,104.0,60.8,71.9,423.0,35.6875,211.5,15.95,192.28571428571428,187.0,92.36666666666667,258.0,41.23333333333333,85.4,37.3,35.45,33.46666666666667,57.03333333333333,71.1,60.70000000000001,70.28,30.0,532.0,20.06,55.6,383.0,251.0,33.5,11.5,161.25,37.276315789473685,85.59583333333335,42.8,130.0,96.71,288.0,61.68125000000001,225.5,43.45000000000001,11.025,98.31,278.0,345.5,16.5,16.05,54.88571428571429,47.74019607843139,9.28375,20.01428571428571,13.3,24.03333333333333,12.15,11.2,19.106250000000006,15.85,210.5,2880.0,102.5,11.349999999999998,70.9,86.8,14.05875,76.5,49.3
74.7,9.06,30.15,30.7,14.25,272.0,27.0,53.4,105.5,180.0,7.7200000000000015,70.3,24.65,28.65,42.8,108.5,41.80714285714286,13.15,18.2,36.8,183.0,440.625,29.85,20.65,47.75,31.85,24.2,24.05,386.5,22.940196078431374,18.85,51.6,7.447906976744187,36.4,10.687499999999998,13.6,16.8,59.81428571428571,38.05,31.45,28.85,61.29999999999999,81.81666666666666,48.01666666666666,51.0,29.0,22.3,96.9,62.2,14.4,61.0,15.0,35.2,10.35,11.75,22.5,19.4,224.5,188.5,23.9,9.45,26.292857142857148,8.53,10.05,13.65,19.05,8.1975,18.13846153846153,57.0,116.5,13.95,49.8,66.85,18.12777777777778,90.6,33.9,94.7,150.0,36.5,55.2,8.84,104.1,60.8,71.8,424.0,35.65,211.5,15.988461538461538,192.5,187.5,92.4,257.5,41.25,85.40000000000002,37.3,35.45,33.458333333333336,57.0,71.0,60.6,70.2,30.0,532.0,20.090625000000006,55.55,383.0,250.5,33.45,11.505813953488374,161.15625,37.284615384615385,85.55,42.751109215017074,129.66666666666666,96.59999999999998,288.0,61.9,226.0,43.4,11.046666666666667,98.3,278.0,345.625,16.547826086956526,16.0,54.9,47.75,9.280909090909091,20.05,13.300000000000002,24.01,12.15,11.2,19.1,15.858823529411767,210.5,2880.0,102.5,11.335714285714285,70.9,86.82,14.05,76.5,49.25
74.72,9.053333333333336,30.111538461538462,30.65,14.25,272.0,27.05,53.4,105.5,180.25,7.72,70.3,24.54545454545455,28.65,42.8,108.0,41.85,13.15,18.2,36.8,183.0,441.5,29.85,20.65,47.75,31.9,24.15,24.05,387.0,22.95,18.9,51.7,7.445,36.4,10.699999999999998,13.6,16.75,59.79999999999999,38.05,31.45,28.85,61.3,82.0,47.95,51.0,28.96212121212121,22.3,96.9,62.2,14.3,61.0,15.033333333333333,35.173913043478265,10.30625,11.75,22.5,19.4,224.0,188.5,23.9,9.45,26.271428571428572,8.530909090909091,10.05,13.65,19.1,8.192647058823527,18.1,57.1,116.5,13.95,49.8,66.9,18.1,90.5,33.85,94.7,150.0,36.55,55.2,8.84,104.0,60.8,71.8,423.0,35.6875,211.5,16.0,192.5,187.0,92.36666666666667,258.0,41.25,85.40000000000002,37.29545454545455,35.45,33.45,57.0,71.1,60.70000000000001,70.28,30.0,531.5,20.05,55.6,383.0,251.0,33.5,11.5,161.1,37.255,85.54444444444444,42.79242424242425,130.0,96.71,288.0,61.9,225.5,43.5,11.05,98.34,278.0,345.5,16.5,16.05,54.89999999999999,47.73333333333333,9.282539682539682,20.05,13.3,24.0,12.2,11.24,19.1275,15.882352941176471,210.25,2880.0,102.25,11.35,70.9,86.8,14.05,76.50909090909092,49.25
74.7,9.05,30.149999999999995,30.65,14.2,272.0,27.05,53.4,105.5,180.0,7.7200000000000015,70.3,24.55,28.65,42.8,108.0,41.80714285714286,13.15,18.2,36.8,183.0,441.5,29.85,20.65,47.75,31.85,24.2,24.05,386.5,22.925,18.891666666666666,51.6,7.444545454545455,36.4,10.65,13.6,16.75,59.8,38.083333333333336,31.45,28.85,61.25,81.81666666666666,47.9,51.0,28.95,22.3,96.9,62.2,14.4,61.10000000000001,15.0,35.2,10.35,11.75,22.5,19.4,224.5,189.0,23.9,9.45,26.25,8.53,10.05,13.65,19.074489795918367,8.191999999999998,18.1,57.0,116.5,13.95,49.8,66.9,18.14,90.64,33.90652173913043,94.7,150.25,36.55,55.23333333333333,8.84,104.1,60.9,71.8,424.0,35.65,211.5,15.988461538461538,192.83333333333331,187.5,92.4,257.5,41.25,85.4,37.3,35.46666666666667,33.45,57.1,71.0,60.65000000000001,70.2,30.0,532.0,20.054838709677423,55.55,383.0,251.0,33.46666666666667,11.5,161.0,37.27045454545454,85.59818181818183,42.75714285714286,130.0,96.59999999999998,288.0,61.825,226.0,43.4,11.033333333333335,98.29999999999998,278.0,345.58333333333326,16.548000000000002,16.0,54.9,47.72222222222222,9.284736842105264,20.05,13.311538461538465,24.0,12.15,11.225,19.1125,15.855,210.5,2880.0,102.10629921259844,11.35,70.9,86.87,14.1,76.6,49.3
74.7,9.053333333333336,30.15,30.65,14.25,272.0,27.05,53.4,105.5,180.25,7.72,70.3,24.5,28.65,42.8,108.0,41.75,13.15,18.2,36.8,183.0,440.0,29.85,20.65,47.725,31.9,24.148809523809533,24.05,386.5,22.95,18.85,51.6,7.450649350649352,36.35,10.699999999999998,13.65,16.8,59.9,38.095,31.45,28.85,61.3,81.916,47.91666666666666,50.81333333333333,28.95,22.3,97.0,62.2,14.3,61.0,15.0,35.173913043478265,10.3,11.75,22.5,19.399999999999995,224.0,188.5,23.90357142857143,9.448,26.3,8.530909090909091,10.05,13.65,19.05,8.191999999999998,18.133333333333333,57.0,116.0,13.95,49.8,66.975,18.105,90.625,33.980000000000004,94.7,150.0,36.55,55.2,8.84,104.5,60.9,71.82499999999997,423.0,35.6875,211.5,16.0,192.5,187.0,92.36666666666667,258.0,41.25,85.40000000000002,37.3,35.45,33.458333333333336,57.09782608695652,71.2,60.70000000000001,70.2,30.0,531.0,20.050000000000004,55.6,383.0,251.0,33.5,11.5,161.0,37.25,85.6,42.78333333333333,129.67857142857142,96.71,288.0,61.9,225.5,43.5,11.05,98.37741935483872,278.0,345.75,16.545454545454547,16.05,54.89999999999999,47.74230769230769,9.280294117647056,20.05,13.3,24.05,12.2,11.243333333333334,19.11875,15.883333333333333,210.5,2880.0,102.0,11.35,70.9,86.9,14.050000000000002,76.50909090909092,49.295
74.7,9.05,30.2,30.65,14.2,272.5,27.05,53.4,105.5,180.0,7.7200000000000015,70.3,24.55,28.65,42.8,108.0,41.8,13.15,18.2,36.7,183.0,441.5,29.85,20.65,47.75,31.9,24.15,24.05,386.0,22.9625,18.866666666666667,51.6,7.4525000000000015,36.4,10.65,13.6,16.8,59.9,38.10000000000001,31.45,28.85,61.27,81.9,47.9,51.0,28.95,22.3,96.9,62.2,14.3,61.0,15.0,35.2,10.35,11.75,22.52,19.4,224.5,189.0,23.9,9.44,26.25,8.53,10.05,13.65,19.05,8.2,18.1,57.16,116.16666666666669,13.95,49.8,66.9,18.1,90.65714285714284,34.0,94.675,150.25,36.55,55.2,8.85,104.1,60.9,71.8,424.0,35.65,211.5,16.0,192.875,187.5,92.4,257.5,41.25,85.42857142857143,37.3,35.45,33.45,57.1,71.0,60.71785714285715,70.2,30.0,531.3333333333334,20.057142857142857,55.6,383.0,251.0,33.5,11.522222222222224,161.0,37.3,85.6,42.8,129.9625668449198,96.8,288.0,61.9,226.0,43.4,11.026315789473683,98.31304347826088,278.0,345.58333333333326,16.52857142857143,16.0,54.9,47.789423076923065,9.289758454106279,20.05,13.3,24.0,12.15,11.20701754385965,19.120833333333334,15.855,210.5,2880.0,102.10629921259844,11.35,70.9,86.9,14.1,76.6,49.346875
74.7,9.07,30.15,30.65,14.204545454545455,272.0,27.001666666666665,53.4,105.5,180.25,7.72,70.3,24.5,28.65,42.8,108.0,41.8,13.15,18.2,36.8,183.0,440.0,29.85,20.65,47.725,31.9,24.148809523809533,24.05,386.5,22.975,18.875,51.70000000000001,7.4484126984126995,36.35,10.699999999999998,13.6,16.758333333333333,59.9,38.01111111111111,31.45,28.85,61.25,81.916,47.9,50.8,28.95,22.3,96.9,62.2,14.3,61.0,15.0,35.173913043478265,10.3,11.75,22.5,19.398113207547173,224.0,189.0,23.925,9.448,26.25294117647059,8.53,10.05,13.6625,19.05,8.196470588235295,18.15,57.1,116.5,13.95,49.8,66.975,18.12727272727273,90.7,33.975,94.7,150.0,36.55,55.2,8.84,104.5,60.79999999999999,71.8,423.0,35.65,211.5,15.95,192.75,187.0,92.16666666666669,258.0,41.25,85.4,37.3,35.45,33.45,57.13333333333333,71.2,60.70000000000001,70.2,30.0,532.0,20.096062992125987,55.60344827586207,383.0,251.0,33.5,11.5,161.1818181818182,37.26000000000001,85.59924242424243,42.8,130.0,96.8,288.0,61.675,225.5,43.5,11.039583333333333,98.36666666666667,278.1666666666667,345.66666666666674,16.548000000000002,16.0,54.9,47.8,9.28,20.05,13.300000000000002,24.025,12.199999999999998,11.240909090909092,19.1,15.854545454545455,210.5,2880.0,102.0,11.35,70.9,86.9,14.050000000000002,76.50909090909092,49.295
74.7,9.07,30.2,30.65,14.2,272.5,26.95,53.4,105.5,180.0,7.72,70.3,24.5,28.65,42.8,108.0,41.8,13.15,18.25,36.7,183.0,441.5,29.85,20.65,47.75,31.899999999999995,24.15,24.05,386.0,23.0,18.866666666666667,51.70000000000001,7.45,36.4,10.7,13.6,16.8,59.9,38.075,31.45,28.85,61.3,81.9,47.9,50.89090909090908,28.95,22.3,96.9,62.24000000000001,14.3,61.096428571428575,15.0,35.2,10.3,11.7,22.5,19.4,224.5,189.2,23.95,9.44,26.300000000000004,8.521666666666668,10.05,13.65,19.05,8.19736842105263,18.11,57.16,116.5,13.95,49.8,66.9,18.108333333333334,90.83333333333331,34.0,94.7,150.25,36.6,55.13333333333333,8.84,104.5,60.9,71.8,424.0,35.65,211.5,16.0,193.0,187.5,92.4,257.5,41.3,85.42857142857143,37.3,35.45,33.45,57.1,71.0,60.9,70.2,30.0,531.0,20.1,55.6,383.0,251.0,33.489999999999995,11.5,161.11363636363637,37.253125,85.6,42.8,130.0,96.8,288.5,61.79999999999999,226.0,43.4,11.033333333333333,98.37894736842104,278.3,345.5,16.5,16.0,54.85454545454546,47.8,9.29,20.05,13.3,24.0,12.15,11.2,19.1,15.855078125,210.5,2880.0,102.10629921259844,11.35,70.9,86.9,14.1,76.6,49.35
74.7,9.07,30.23333333333333,30.65,14.204545454545455,272.0,26.95555555555556,53.4,105.5,180.25,7.72,70.3,24.5,28.700000000000006,42.8,108.0,41.8,13.15,18.25,36.8,183.0,440.0,29.85,20.65,47.75,31.875,24.148809523809533,24.05,386.5,22.963636363636365,18.875,51.70000000000001,7.439999999999999,36.35,10.7,13.63125,16.758333333333333,59.9,38.05,31.45,28.81,61.20000000000001,81.916,47.925,50.8,28.975,22.3,96.86666666666667,62.25,14.3,61.1,15.0,35.15,10.3,11.75,22.5,19.398113207547173,224.0,189.5,23.9,9.45,26.261111111111113,8.53,10.05,13.65,19.05,8.192413793103446,18.15,57.1,116.5,13.95,49.8,66.975,18.12727272727273,90.7,33.975,94.7,150.0,36.6,55.2,8.84,104.5,60.79999999999999,71.89090909090909,423.0,35.65,211.5,15.95,193.0,187.0,92.16666666666669,258.0,41.3,85.4,37.3,35.5,33.45,57.15000000000001,71.2,60.8,70.2,30.02,531.0,20.1,55.6,383.0,250.5,33.5,11.509523809523811,161.38888888888889,37.265,85.7,42.8,130.16666666666666,96.7,288.0,61.73333333333333,225.5,43.5,11.05,98.3222222222222,278.125,346.0,16.549999999999994,16.016666666666666,54.91923076923078,47.8,9.293333333333333,20.05,13.300000000000002,24.0,12.150000000000002,11.25,19.1,15.85,210.5,2875.0,102.25,11.35,70.9,86.9,14.1,76.5,49.4
74.7,9.06,30.20555555555556,30.65,14.2,272.5,26.95,53.4,105.5,180.0,7.71,70.3,24.5,28.65,42.8,108.0,41.8,13.15,18.25,36.7,183.0,441.5,29.85,20.65,47.75,31.899999999999995,24.1,24.05,386.0,22.95208333333333,18.899999999999995,51.7,7.433877551020408,36.4,10.7,13.6,16.8,59.9,38.05,31.45,28.85,61.22000000000001,81.9,47.9,50.9125,28.975,22.3,97.0,62.2,14.3,61.0,15.0,35.2,10.3,11.7,22.5,19.4,224.5,189.5,23.95,9.44,26.25,8.52,10.05,13.65,19.05,8.19736842105263,18.15,57.1,116.5,13.95,49.7,66.9,18.108333333333334,90.9,34.0,94.8,150.0,36.55,55.13333333333333,8.84,105.0,60.9,71.8264705882353,424.0,35.65,211.5,15.95,193.0,187.5,92.4,257.5,41.3,85.45,37.35,35.464285714285715,33.5,57.1,71.0,60.9,70.28,30.0,531.0,20.1,55.6,383.0,250.5,33.45,11.53076923076923,161.0,37.26000000000001,85.6,42.79999999999999,130.25,96.8,288.5,61.8,225.5,43.5,11.05,98.36666666666666,278.0,346.0,16.545,16.0,54.95588235294117,47.7765625,9.2956,20.0375,13.3,24.0,12.15,11.239285714285712,19.1,15.85,210.5,2880.0,102.10629921259844,11.35,70.9,87.0,14.050000000000002,76.6,49.35
74.7,9.061379310344826,30.2,30.65833333333333,14.204545454545455,272.0,26.9,53.4,105.5,180.5,7.72,70.2,24.5,28.700000000000006,42.8,108.0,41.8,13.133333333333333,18.233333333333334,36.8,183.0,440.0,29.85,20.65,47.75,31.9,24.148809523809533,24.05,386.0,22.963636363636365,18.9,51.70000000000001,7.45,36.35,10.7,13.65,16.75,60.0,38.03333333333333,31.45,28.85,61.3,81.916,47.9,50.9,29.0,22.3,97.0,62.29999999999999,14.3,61.0,15.0,35.15,10.35,11.699999999999998,22.5,19.398113207547173,224.0,189.5,23.9,9.45,26.26969696969697,8.53,10.05,13.65,19.05,8.2,18.1375,57.1,116.44444444444444,13.95,49.8,67.1,18.11470588235294,90.90000000000002,33.975,94.8,150.25,36.6,55.2,8.84,105.0,60.7,71.8,423.0,35.65,211.5,15.95,193.0,187.0,92.2,258.0,41.3,85.5,37.3,35.45,33.45,57.1,71.2,60.8,70.29583333333333,30.01875,531.6,20.1,55.6,382.5,250.5,33.45,11.5,161.14285714285714,37.27499999999999,85.67333333333335,42.85,130.0,96.73333333333332,288.0,61.65454545454546,225.5,43.5,11.046428571428573,98.30769230769229,278.1666666666667,346.0,16.53,16.025,54.9,47.75,9.29157894736842,20.016666666666666,13.325,24.05,12.150000000000002,11.214285714285712,19.1,15.85,210.25,2875.0,102.25,11.35,70.9,87.0,14.1,76.5,49.4
74.7,9.06,30.20555555555556,30.65,14.2,272.5,26.899999999999995,53.4,105.5,180.0,7.71,70.3,24.5,28.65,42.8,108.0,41.8,13.15,18.2,36.7,183.0,441.5,29.85,20.65,47.7,31.899999999999995,24.1,24.075000000000006,386.0,22.99583333333333,18.85,51.7,7.449655172413792,36.4,10.675,13.6,16.8,60.0,37.97222222222222,31.45,28.850000000000005,61.228571428571435,81.9,47.91666666666666,51.0,29.0,22.3,97.0,62.3,14.3,61.0,15.0,35.2,10.3,11.699999999999998,22.5,19.4,224.5,189.5,23.95,9.44,26.264285714285716,8.524999999999999,10.05,13.65,19.05,8.19736842105263,18.1,57.1,116.08333333333331,13.95,49.75,66.9,18.15,90.85714285714286,34.0,94.8,150.0,36.55,55.15000000000001,8.84,105.0,60.9,71.8,424.0,35.65,211.5,16.0,193.0,187.0,92.33333333333331,257.5,41.3125,85.4,37.35,35.464285714285715,33.45,57.175,71.0,60.8,70.31428571428572,30.0,531.0,20.136666666666667,55.6,383.0,250.5,33.5,11.5,161.0,37.25,85.61351351351352,42.85,130.16666666666666,96.8,288.5,61.63500000000001,225.5,43.5,11.05,98.3,278.2142857142857,345.625,16.596296296296302,15.995774647887325,54.895454545454534,47.75,9.3,20.050000000000004,13.3,24.0,12.15,11.203333333333335,19.15,15.849999999999998,210.5,2880.0,102.0,11.35,70.9,86.90476190476191,14.050000000000002,76.6,49.38333333333333
74.7,9.061379310344826,30.15,30.65833333333333,14.204545454545455,272.0,26.95,53.4,105.0,180.5,7.712857142857143,70.2,24.5,28.65,42.8,108.0,41.89999999999999,13.133333333333333,18.233333333333334,36.8,183.0,440.0,29.85,20.65,47.75,31.9,24.148809523809533,24.05,386.0,22.99508196721311,18.857142857142858,51.675,7.45,36.35,10.7,13.625,16.8,60.0,38.0,31.45,28.85,61.3,81.80625,47.9,51.0,29.0,22.3,97.0,62.35,14.3,61.1,15.0,35.15,10.3,11.699999999999998,22.53333333333333,19.398113207547173,224.0,189.5,23.9,9.45,26.25,8.52,10.05,13.65,19.058333333333334,8.2,18.15,57.1,116.55,13.9,49.8,67.1,18.1,90.9,33.975,94.86666666666667,150.0,36.55,55.1,8.84,104.875,60.7,71.8,423.5,35.583333333333336,211.25,15.95,193.0,187.0,92.2,258.0,41.35,85.4,37.3,35.45,33.47222222222222,57.14285714285715,71.2,60.83333333333334,70.29583333333333,30.0,532.0,20.1,55.6,382.5,250.5,33.45,11.522222222222224,161.0,37.25,85.6,42.88984375,130.4736842105263,96.8,288.0,61.73333333333333,225.5,43.5,11.05,98.3,278.0,346.0,16.55,16.025,54.9,47.75,9.289999999999996,20.050000000000004,13.3,24.04,12.150000000000002,11.2125,19.132,15.843661971830986,210.25,2875.0,102.5,11.35,70.92857142857143,86.975,14.094444444444445,76.5,49.4
74.77142857142857,9.06,30.20555555555556,30.65,14.2,272.5,26.95,53.4,105.0,180.0,7.71,70.3,24.5,28.65,42.75833333333333,108.0,41.925,13.1,18.2,36.7,183.0,441.5,29.85,20.65,47.7,31.9,24.1,24.075000000000006,386.0,23.0,18.9,51.70000000000001,7.4471428571428575,36.4,10.675,13.6,16.8,60.1,37.99,31.45,28.850000000000005,61.292,81.9,47.94230769230769,50.96666666666667,29.0,22.300000000000004,96.9,62.35,14.3,61.1,15.0,35.2,10.3,11.699999999999998,22.5,19.4,224.5,190.0,23.95,9.44,26.253703703703703,8.52,10.05,13.65,19.05,8.200000000000001,18.14375,57.1,117.0,13.95,49.65,66.9,18.106666666666673,90.9,34.0,94.93333333333334,150.5,36.55,55.15000000000001,8.84,104.83333333333331,60.8,71.80000000000003,424.0,35.56666666666667,211.5,16.0,193.0,187.0,92.33333333333331,257.5,41.375,85.39999999999998,37.35,35.5,33.5,57.1,71.0,60.8,70.31428571428572,30.0,532.0,20.15,55.6,383.0,250.5,33.46250000000001,11.5,161.25,37.29423076923077,85.6,42.89999999999999,130.4,96.8,288.5,61.79999999999999,225.5,43.5,11.05,98.3,278.0,346.0,16.596296296296302,15.995774647887325,54.88076923076922,47.75,9.29375,20.050000000000004,13.3,24.02857142857143,12.15,11.2,19.1,15.875,210.5,2880.0,102.5,11.3375,70.9,86.97142857142856,14.050000000000002,76.6,49.3625
74.8,9.07,30.15,30.65,14.204545454545455,272.0,26.95,53.4,105.0,180.5,7.712857142857143,70.2,24.5,28.65,42.8,108.5,41.9,13.133333333333333,18.233333333333334,36.8,183.0,440.0,29.85,20.65,47.75,31.9,24.148809523809533,24.05,386.0,23.0,18.9,51.7,7.44,36.35,10.7,13.632352941176471,16.8,60.2,38.0,31.45,28.9,61.10941176470589,81.80625,47.96666666666667,50.98840579710145,29.0,22.3,96.98,62.35,14.3,61.1,15.0,35.15,10.3,11.699999999999998,22.5,19.398113207547173,224.0,189.5,23.9,9.45,26.3,8.52,10.05,13.65,19.058333333333334,8.197777777777778,18.125,57.2,117.0,13.9,49.8,67.01111111111112,18.1,90.8,33.975,94.86666666666667,150.25,36.5,55.2,8.85,105.0,60.7,71.83333333333333,423.5,35.7,211.25,15.99,193.5,187.0,92.2,258.0,41.35,85.4,37.3,35.45,33.5,57.1,71.2,60.8,70.29583333333333,30.0,531.5,20.14375,55.7,382.5,250.5,33.475,11.5,161.1,37.29166666666666,85.6,42.88432835820896,130.33333333333334,96.8,288.0,61.73333333333333,226.0,43.5,11.043750000000005,98.3952380952381,278.3333333333333,346.0,16.55,15.95,54.98787878787879,47.79148936170213,9.29090909090909,20.050000000000004,13.3,24.0,12.150000000000002,11.240909090909092,19.1,15.857692307692306,210.25,2875.0,102.5,11.35,70.91666666666667,87.0,14.094444444444445,76.5,49.4
74.8,9.06,30.20555555555556,30.65,14.2,271.5,26.95,53.4,105.0,180.0,7.71,70.3,24.5,28.7,42.75,108.0,41.925,13.1,18.2,36.7,183.0,441.5,29.85,20.65,47.7,31.9,24.1,24.075000000000006,386.0,23.03372093023256,18.9,51.68000000000001,7.448425196850393,36.4,10.7,13.6,16.8,60.26666666666667,38.0,31.45,28.85,61.3,81.9,47.95,51.0,29.0,22.300000000000004,97.1,62.4,14.3,61.03125,15.0,35.2,10.35,11.699999999999998,22.5,19.4,224.5,190.0,23.85,9.44,26.25,8.52,10.05,13.65,19.05,8.2,18.1,57.1,117.0,13.933333333333332,49.65,66.9,18.15,90.9,33.957692307692305,94.93333333333334,150.16666666666666,36.5,55.15000000000001,8.84,104.66666666666669,60.714285714285715,71.8,424.0,35.56666666666667,211.5,16.0,193.0,187.5,92.33333333333331,257.5,41.375,85.39999999999998,37.3,35.475,33.5,57.1,71.07272727272726,60.9,70.31428571428572,30.05,531.8,20.1,55.6,383.0,250.5,33.5,11.514285714285714,161.3,37.29128440366973,85.55,42.9,130.0,96.75,288.5,61.73333333333333,226.0,43.5,11.05,98.41,278.125,346.0,16.598611111111108,15.995774647887325,55.0,47.8,9.29,20.05,13.3,24.02857142857143,12.186956521739127,11.2,19.1,15.882352941176471,210.5,2875.0,102.5,11.3375,70.9375,86.91666666666669,14.1,76.6,49.3625
74.8,9.057058823529411,30.15,30.65,14.204545454545455,272.0,26.95,53.4,105.5,180.5,7.71,70.2,24.5,28.65,42.75,108.0,41.95,13.145454545454545,18.2,36.8,183.0,440.0,29.85,20.65,47.75,31.899999999999995,24.148809523809533,24.05,386.0,23.070886075949375,18.95,51.7,7.45,36.35,10.75,13.650000000000002,16.8,60.3,38.05,31.45,28.9,61.29375,81.80625,47.95,50.98064516129033,29.04642857142857,22.3,97.1,62.39999999999999,14.3,61.01666666666666,15.05,35.15,10.3,11.7,22.5,19.398113207547173,224.0,189.5,23.914285714285718,9.44,26.2625,8.52,10.0,13.65,19.058333333333334,8.200000000000001,18.089024390243907,57.1,116.61111111111113,13.925,49.8,67.01111111111112,18.13888888888889,90.8375,33.975,94.85,150.0,36.5,55.15000000000001,8.848333333333334,104.5,60.72500000000001,71.75,423.5,35.7,211.25,15.99,193.5,187.0,92.2,258.0,41.4,85.4,37.3,35.45,33.482142857142854,57.1,71.05714285714284,60.8,70.29583333333333,30.05,531.875,20.11451612903226,55.6,382.5,250.5,33.455,11.5,161.16666666666666,37.275,85.6,42.89999999999999,130.25,96.8,288.0,61.675,226.0,43.5,11.05,98.40000000000002,278.25,346.0,16.55,15.95,54.985,47.76,9.296428571428573,20.05,13.3,24.050000000000004,12.15,11.199999999999998,19.1,15.866666666666667,210.25,2875.0,102.5,11.35,70.9,87.0,14.05,76.425,49.4
74.77142857142857,9.06,30.2,30.6,14.2,271.5,27.0,53.4,105.0,180.0,7.716666666666666,70.2,24.55,28.7,42.75,108.0,41.95,13.1,18.25,36.7,183.0,441.5,29.85,20.65,47.7,31.9,24.1,24.075000000000006,386.0,23.145747800586513,18.941666666666666,51.7,7.4482608695652175,36.4,10.7,13.6,16.8,60.26666666666667,38.05,31.475,28.85,61.3,81.9,48.0,51.0,29.05,22.3,97.1,62.457142857142856,14.300000000000002,61.0,15.0,35.2,10.3,11.699999999999998,22.5,19.4,224.5,190.0,23.9,9.44,26.25454545454545,8.52,10.05,13.65,19.05,8.199999999999998,18.05,57.2,116.57142857142857,13.933333333333332,49.65,66.9,18.15,90.98571428571428,33.957692307692305,95.0,150.16666666666666,36.5,55.1,8.84,104.64285714285714,60.8,71.73333333333333,424.0,35.56666666666667,211.5,15.95,193.33333333333331,187.5,92.33333333333331,257.5,41.375,85.39999999999998,37.3,35.46250000000001,33.5,57.1,71.01428571428572,60.9,70.35,30.0,532.0,20.125,55.7,383.0,250.5,33.5,11.52,161.33333333333334,37.26000000000001,85.52000000000002,42.88928571428571,130.0,96.675,288.5,61.70000000000001,226.5,43.48333333333333,11.005999999999998,98.4125,278.0625,346.0,16.6,15.95,54.95,47.76666666666667,9.297191011235958,20.05,13.35,24.0,12.186956521739127,11.199999999999998,19.11111111111111,15.882352941176471,210.5,2875.0,102.5,11.35,71.0,87.0,14.068,76.6,49.3
74.8,9.05,30.2,30.65,14.204545454545455,271.5,26.95833333333333,53.4,105.5,180.5,7.709999999999999,70.19999999999999,24.55,28.65,42.75,108.0,41.95,13.153125,18.25,36.8,183.0,440.0,29.85,20.65,47.75,31.9,24.116666666666664,24.05,386.0,23.175,18.90833333333333,51.7,7.44,36.35,10.75,13.650000000000002,16.8,60.3,38.05,31.475,28.85,61.3,81.9,47.95,50.98064516129033,29.04642857142857,22.3,97.1,62.45,14.304545454545455,61.0,15.05,35.15,10.3,11.7,22.5,19.4,224.0,189.5,23.914285714285718,9.44,26.25625,8.52,10.0,13.65,19.05,8.200000000000001,18.091666666666672,57.1,116.61111111111113,13.9,49.8,67.01111111111112,18.13888888888889,91.0,33.975,94.8,150.33333333333334,36.5,55.15000000000001,8.85,104.5,60.72500000000001,71.8027027027027,424.0,35.7,211.5,15.99,193.5,187.0,92.2,258.0,41.4,85.4,37.35,35.45,33.48529411764706,57.18750000000001,71.1,60.9,70.4,30.0,531.4285714285714,20.111538461538466,55.6,382.5,250.5,33.45,11.526190476190473,161.0,37.26621621621622,85.59230769230768,42.88947368421052,130.375,96.8,288.5,61.8,226.5,43.5,11.012857142857143,98.425,278.0,346.0,16.55,15.95,55.0,47.8,9.2935,20.05,13.3,24.0,12.15,11.199999999999998,19.125,15.872727272727273,210.5,2875.0,102.5,11.35,70.9375,86.98275862068967,14.050000000000002,76.45,49.4
74.7,9.055,30.2,30.6,14.2,271.5,27.0,53.4,105.0,180.5,7.71,70.2,24.547500000000007,28.7,42.75,108.0,41.99666666666667,13.1,18.25,36.7,183.0,441.5,29.85,20.65,47.7,31.9,24.1,24.05,386.0,23.1578125,18.9,51.7,7.45,36.4,10.75,13.65,16.788888888888884,60.35,38.03333333333333,31.475,28.85,61.36666666666667,81.8,47.95,51.0,29.08,22.3,96.95,62.5,14.300000000000002,61.025,15.0,35.2,10.325,11.7,22.5,19.4,224.5,190.0,23.9,9.44,26.29166666666667,8.53,10.035714285714286,13.65,19.05,8.199999999999998,18.1,57.2,116.66666666666669,13.925,49.65,67.1,18.12142857142857,91.0,33.957692307692305,95.0,150.0,36.5,55.16666666666666,8.841052631578947,104.64285714285714,60.8,71.97407407407408,424.0,35.56666666666667,211.5,16.0,193.0,187.5,92.33333333333331,257.5,41.4,85.46666666666665,37.35,35.46250000000001,33.458333333333336,57.1,71.01428571428572,60.9,70.4,30.0,531.6,20.11,55.64,383.0,250.5,33.5,11.5,161.375,37.25714285714286,85.6,42.9,130.0,96.61428571428571,288.5,61.75,226.5,43.48333333333333,11.044444444444444,98.40000000000002,278.0833333333333,345.5,16.6,15.95,54.92727272727273,47.76222222222221,9.292272727272726,20.05,13.35,24.0,12.175,11.203846153846154,19.12272727272727,15.9,210.5,2875.0,102.5,11.35,71.0,87.0,14.05,76.6,49.35
74.8,9.050000000000002,30.20185185185185,30.65,14.25,271.5,26.95,53.4,105.5,180.5,7.72,70.3,24.55,28.7,42.75,108.0,42.0,13.2,18.25,36.8,183.0,440.0,29.8,20.65,47.75,31.925,24.116666666666664,24.05,386.0,23.167361111111113,18.941666666666666,51.7,7.45,36.35,10.708333333333334,13.6,16.8,60.422222222222224,38.066666666666656,31.475,28.850000000000005,61.4,81.8,47.95,51.0,29.1,22.3,96.8,62.44,14.325,61.0,15.05,35.15,10.35,11.75,22.53333333333333,19.4,224.0,190.0,23.9,9.44,26.25625,8.525,10.0,13.65,19.05,8.2,18.1,57.1,116.5,13.9,49.8,67.13333333333334,18.12142857142857,91.0,33.96250000000001,94.8,150.25,36.49230769230768,55.2,8.85,104.5,60.72500000000001,72.0,424.0,35.7,211.5,15.99,193.2142857142857,187.0,92.2,258.0,41.39999999999999,85.40000000000002,37.35,35.45,33.458333333333336,57.1,71.1,60.9,70.4,30.0,531.0,20.145454545454548,55.7,382.5,250.0,33.5,11.510526315789473,161.25,37.25714285714286,85.6,42.9,130.125,96.6,288.5,61.8,226.55555555555557,43.5,11.05,98.41428571428571,278.0555555555556,345.66666666666674,16.566666666666666,15.95,55.0,47.75862068965517,9.291481481481481,20.05,13.35,24.03,12.175,11.25,19.105555555555554,15.872727272727273,210.5,2875.0,102.5,11.35,70.9090909090909,86.9,14.09,76.45,49.4
74.7,9.06,30.19705882352941,30.6,14.22777777777778,271.75,27.0,53.4,105.33333333333331,180.0,7.71,70.3,24.547500000000007,28.7,42.79166666666666,108.0,42.0,13.1,18.25,36.7,183.0,441.5,29.85,20.65,47.7,31.925,24.1,24.05,386.0,23.15,18.9,51.76666666666667,7.447260273972603,36.35,10.713888888888887,13.6,16.8,60.4,38.06666666666667,31.5,28.8,61.46666666666667,81.8,47.975,51.0,29.100000000000005,22.3,97.0,62.4,14.300000000000002,60.94,15.0,35.2,10.35,11.75,22.5425,19.4,224.5,190.0,23.907142857142855,9.44,26.275,8.53,10.035714285714286,13.65,19.05,8.2,18.060769230769232,57.1,116.42307692307692,13.95,49.65,67.1,18.15,91.0,33.99166666666667,95.0,150.0,36.5,55.15000000000001,8.841052631578947,104.75,60.76666666666667,72.00238095238095,425.5,35.56666666666667,211.5,16.0,192.95,187.25,92.33333333333331,257.25,41.40714285714285,85.5,37.35,35.5,33.458333333333336,57.2,71.01428571428572,60.85,70.4,30.0,531.5,20.128571428571426,55.6,383.0,250.5,33.5,11.507142857142858,161.125,37.27142857142857,85.5875,42.89444444444444,130.25,96.6,289.0,61.66666666666666,226.83333333333331,43.5,11.035714285714288,98.4125,278.1875,345.75,16.6,15.95,55.0,47.75,9.297619047619047,20.055,13.300000000000002,24.04230769230769,12.158333333333333,11.207142857142856,19.130000000000006,15.85,210.5,2875.0,102.5,11.35,71.0,87.0,14.050000000000002,76.6,49.35
74.8,9.06,30.21666666666667,30.65,14.25,271.8,26.93333333333333,53.4,105.5,180.5,7.7200000000000015,70.3,24.55,28.7,42.75,108.0,42.02222222222222,13.2,18.25,36.8,183.0,441.5,29.8,20.65,47.75,31.93333333333333,24.116666666666664,24.05,386.0,23.15,18.925,51.75,7.44728813559322,36.35,10.75,13.6,16.8,60.41,38.07142857142857,31.5,28.85,61.3,81.8,47.95,51.0,29.1,22.25,97.0,62.4,14.325,61.0,15.05,35.15,10.4,11.7,22.55,19.4,224.0,190.0,23.9,9.44,26.28333333333333,8.53,10.0,13.65,19.05,8.19,18.1,57.2,116.04545454545456,13.95,49.65,67.2,18.103571428571428,91.0,33.96250000000001,94.8,150.0,36.49230769230768,55.15000000000001,8.84,104.75,60.72500000000001,72.10714285714286,424.0,35.7,211.5,15.99,193.0,187.0,92.2,258.0,41.4,85.5,37.4,35.5,33.45,57.11428571428571,71.1,60.9,70.5,30.0,532.0,20.15,55.65000000000001,382.5,250.0,33.5,11.545934959349596,161.33333333333334,37.25625,85.57222222222222,42.896,130.0,96.6,288.5,61.70000000000001,226.55555555555557,43.5,11.0,98.40000000000002,278.0,346.0,16.6,16.0,54.95333333333333,47.73,9.29,20.05,13.31875,24.0,12.175,11.225,19.111538461538466,15.85,210.5,2875.0,102.5,11.363333333333333,70.9,86.9,14.09,76.45,49.4
74.7,9.06,30.19705882352941,30.6,14.25,271.75,26.95,53.4,105.33333333333331,180.0,7.71,70.3,24.547500000000007,28.7,42.75,108.5,42.0,13.15,18.25,36.7,183.0,442.0,29.85,20.65,47.7,31.95,24.1,24.05,386.0,23.114285714285717,18.9125,51.75,7.4425,36.3,10.75,13.60222222222222,16.85,60.4,38.10000000000001,31.475,28.85,61.46666666666667,81.8,47.975,51.0,29.1,22.300000000000004,97.0,62.4,14.3,61.0,15.050000000000002,35.2,10.4,11.7,22.55,19.4,224.5,190.0,23.95,9.44,26.266666666666666,8.53,10.035714285714286,13.65,19.049038461538466,8.195,18.1,57.1,116.5,13.95,49.65,67.13333333333333,18.15,91.0,33.99166666666667,95.0,150.25,36.5,55.204761904761924,8.84,104.75,60.7,72.11481481481479,425.5,35.7,211.5,15.95,192.5,187.25,92.33333333333331,257.25,41.4,85.5,37.4,35.475,33.42857142857143,57.1,71.0375,60.85,70.4,30.010714285714283,531.0,20.15,55.7,383.0,250.0,33.5,11.5,161.16666666666666,37.271153846153844,85.60000000000002,42.89999999999999,130.25,96.59999999999998,289.0,61.73333333333333,226.83333333333331,43.5,11.042307692307695,98.4,278.0,345.9,16.590384615384615,15.95,54.94024390243903,47.74722222222222,9.295416666666668,20.055,13.300000000000002,24.0,12.199999999999998,11.207142857142856,19.1,15.9,210.25,2870.0,102.5,11.352380952380953,71.0,87.0,14.08125,76.6,49.35
74.70000000000002,9.06,30.21666666666667,30.65,14.25,271.5,26.93333333333333,53.4,105.5,180.5,7.7200000000000015,70.3,24.55,28.7,42.8,108.0,42.0,13.2,18.25,36.8,183.0,441.5,29.8,20.6,47.75,31.93333333333333,24.116666666666664,24.05,386.0,23.100000000000005,18.95,51.78,7.45,36.35,10.75,13.6,16.816666666666666,60.4,38.10086206896553,31.5,28.83333333333334,61.5,81.8,47.96250000000001,51.0,29.075000000000006,22.3,97.0,62.4,14.325,61.0,15.05,35.15,10.4,11.7,22.6,19.4,224.0,190.0,23.95,9.45,26.25,8.53,10.0,13.65,19.05,8.19,18.1,57.2,116.04545454545456,13.95,49.65,67.2,18.103571428571428,90.95,33.95,94.9,150.0,36.5,55.15000000000001,8.84,104.66666666666669,60.72500000000001,72.09999999999998,424.0,35.65,211.5,15.99,192.5,187.5,92.33333333333331,258.0,41.38333333333333,85.59999999999998,37.4,35.45,33.4,57.1,71.1,60.81666666666666,70.5,30.0,532.0,20.15,55.65714285714286,382.5,250.5,33.475,11.5046875,161.25,37.263888888888886,85.568,42.9,130.36538461538458,96.6,288.5,61.8,226.55555555555557,43.5,11.0,98.4,278.0,346.0,16.575000000000006,16.0,54.86363636363637,47.75,9.292142857142858,20.0875,13.3,24.0,12.175,11.225,19.12857142857143,15.85,210.0,2875.0,102.16666666666669,11.383333333333333,70.91071428571429,87.08,14.1,76.45,49.45
74.72,9.06,30.19705882352941,30.6,14.204545454545455,271.75,26.95,53.4,105.33333333333331,180.0,7.71,70.25999999999999,24.5,28.7,42.76666666666667,108.5,42.0,13.15,18.25,36.7,183.0,442.0,29.85,20.6,47.7,31.95,24.100000000000005,24.05,386.0,23.097058823529416,18.9,51.810526315789474,7.4425,36.3,10.75,13.65,16.85,60.4,38.114285714285714,31.475,28.800000000000004,61.5,81.7,47.939285714285724,51.0,29.1,22.300000000000004,97.0,62.4,14.3,60.92307692307693,15.050000000000002,35.2,10.35,11.71,22.6,19.45,224.5,190.0,23.95,9.44,26.3,8.52,10.05,13.65,19.1,8.194545454545453,18.072222222222226,57.2,117.0,13.907692307692306,49.65,67.13333333333333,18.15,90.93333333333334,33.95,95.0,150.25,36.5,55.204761904761924,8.84,105.0,60.7,72.1,425.5,35.7,211.5,15.95,193.0,187.25,92.33333333333331,257.25,41.4,85.6,37.35,35.45,33.4,57.1,71.0375,60.85,70.4,30.002439024390238,532.0,20.1,55.7,383.0,250.5,33.5,11.5,161.16666666666666,37.263333333333335,85.55555555555556,42.95000000000001,130.5,96.5,289.0,61.76666666666667,226.83333333333331,43.5,11.035714285714288,98.40000000000002,278.0,345.75,16.587500000000002,16.0,54.79999999999999,47.725,9.290077519379844,20.05,13.334782608695653,24.0,12.2,11.242307692307694,19.127777777777773,15.85,210.25,2870.0,102.5,11.352380952380953,70.9,87.0,14.08125,76.43333333333334,49.35
74.7,9.06,30.21666666666667,30.65,14.25,271.5,27.05,53.4,105.5,180.5,7.7200000000000015,70.3,24.55,28.7,42.8,108.0,41.96666666666667,13.2,18.25,36.8,183.0,442.0,29.8,20.65,47.75,31.95,24.1,24.05,386.0,23.1,18.917901234567896,52.001960784313724,7.442028985507246,36.33750000000001,10.7,13.6,16.85,60.43333333333334,38.15,31.5,28.800000000000004,61.5,81.8,47.9,51.0,29.100000000000005,22.28148148148148,97.0,62.3,14.325,61.0,15.05,35.15,10.3875,11.699999999999998,22.6,19.4,224.0,190.0,23.9,9.45,26.286206896551718,8.53,10.0,13.65,19.05,8.2,18.1,57.2,117.0,13.95,49.65,67.2,18.1,90.95,33.95,94.9,150.0,36.5,55.2,8.84,104.66666666666669,60.73333333333334,72.0375,424.0,35.65,212.0,15.95,192.66666666666663,187.5,92.33333333333331,257.0,41.38333333333333,85.5304347826087,37.3,35.475,33.42857142857143,57.2,71.1,60.9,70.5,30.05,532.0,20.100000000000005,55.65000000000001,382.5,250.5,33.48333333333333,11.517391304347825,161.41666666666666,37.253846153846155,85.54666666666667,42.99332321699544,130.42857142857142,96.5,288.5,61.75,226.55555555555557,43.5,11.05,98.46,278.0,346.0,16.6,15.95,54.765,47.75,9.29,20.1,13.3015625,24.0,12.175,11.199999999999998,19.125,15.85,210.33333333333331,2875.0,102.16666666666669,11.383333333333333,70.92857142857143,87.0,14.1,76.45,49.40000000000001
74.72,9.05,30.19705882352941,30.6,14.204545454545455,271.75,27.05,53.4,105.5,180.0,7.7200000000000015,70.2,24.5,28.8,42.75,108.5,42.0,13.15,18.25,36.7,183.0,442.0,29.85,20.677272727272726,47.7,31.95,24.100000000000005,24.05,386.0,23.09166666666667,18.9,52.3,7.4425,36.3,10.7,13.6,16.85,60.29999999999999,38.15,31.5,28.85,61.59183673469388,81.8,47.9,51.04,29.1,22.25,97.06666666666666,62.35,14.3,61.0,15.050000000000002,35.2,10.4,11.71,22.6,19.4,224.5,190.0,23.95,9.44,26.3,8.52,10.05,13.65,19.1,8.199,18.1,57.2,116.5,13.95,49.65,67.13333333333333,18.1,90.90909090909088,33.95,95.0,150.25,36.5,55.2,8.85,105.0,60.75,72.0,425.5,35.65,211.5,15.95,192.9,187.25,92.33333333333331,257.25,41.4,85.59999999999998,37.3,35.5,33.4,57.20000000000001,71.0,61.0,70.4,29.95,531.75,20.1,55.65000000000001,383.0,250.5,33.475,11.5,161.25,37.25,85.6,43.004881656804734,130.0,96.5,289.0,61.67999999999999,226.83333333333331,43.5,11.05,98.40000000000002,277.7,346.0,16.592857142857145,16.0,54.867741935483856,47.74166666666667,9.288263888888887,20.1,13.3,24.04274193548387,12.15,11.206666666666667,19.15,15.85,210.0,2870.0,102.5,11.35,70.91666666666667,86.9,14.08125,76.43333333333334,49.35
74.7,9.05,30.21666666666667,30.65,14.25,271.5,26.95833333333333,53.4,105.5,180.5,7.72,70.3,24.5,28.7,42.8,108.0,42.0,13.2,18.25,36.8,182.75,442.0,29.8,20.7,47.75,31.95,24.1,24.05,386.0,23.08102189781022,18.9,52.337837837837846,7.45,36.33750000000001,10.7,13.65,16.85,60.33333333333334,38.15,31.5,28.807407407407414,61.68000000000001,81.8,47.93333333333334,51.1,29.05,22.28148148148148,96.83333333333331,62.4,14.35,60.98,15.05,35.10697674418604,10.3875,11.699999999999998,22.6,19.4,224.0,189.8,23.9,9.44,26.252857142857145,8.53,10.0,13.65,19.05,8.2,18.1,57.2,116.58333333333331,13.95,49.65,67.2,18.133333333333333,90.95,33.95,94.9,150.0,36.5,55.3,8.84,105.0,60.7,72.0,424.0,35.65,212.0,15.95,192.66666666666663,187.5,92.33333333333331,257.0,41.38333333333333,85.51875,37.3,35.475,33.35,57.15000000000001,71.01666666666667,61.0,70.5,30.05,533.0,20.142307692307693,55.66666666666666,382.5,250.5,33.48636363636364,11.5,161.2,37.24682080924856,85.60273224043715,43.1,130.08333333333334,96.5,289.0,61.9,226.55555555555557,43.5,11.04,98.40666666666668,277.6,345.5,16.55,15.95,54.89999999999999,47.75,9.28,20.1,13.300000000000002,24.0,12.185714285714285,11.216666666666667,19.1,15.85,210.5,2875.0,102.16666666666669,11.35,70.91666666666667,86.9,14.1,76.45,49.35
74.7,9.05,30.19705882352941,30.6,14.204545454545455,271.75,26.95,53.4,105.5,180.0,7.72,70.2,24.5,28.85,42.75,108.5,41.95,13.15,18.2,36.7,183.0,442.0,29.85,20.677272727272726,47.7,31.95,24.100000000000005,24.05,386.0,23.1,18.9,52.33913043478261,7.44,36.3,10.729166666666666,13.6,16.85,60.29999999999999,38.15,31.5,28.86,61.66875,81.8,47.93333333333334,51.077777777777776,29.05,22.25,97.1,62.35,14.3,61.0,15.050000000000002,35.2,10.4,11.7,22.6,19.4,224.5,190.0,23.95,9.445,26.29318181818182,8.519999999999998,10.05,13.65,19.1,8.200000000000001,18.1,57.2,116.5,13.95,49.65,67.14,18.15,90.90000000000002,34.0,94.90000000000002,150.5,36.5,55.3,8.85,104.75,60.75,71.9,425.5,35.6,211.5,15.95,193.0,187.5,92.33333333333331,257.25,41.4,85.5,37.3,35.5,33.4,57.19166666666667,71.0,60.9,70.4,29.95,533.0,20.1,55.65000000000001,383.0,250.0,33.5,11.504545454545456,161.0,37.2,85.66216216216216,43.08939393939394,130.5,96.6,289.0,61.9,226.75,43.5,11.01904761904762,98.4,277.625,345.75,16.586206896551722,16.0,54.8047619047619,47.75,9.281666666666666,20.1,13.3,24.025,12.18,11.25,19.133333333333333,15.85,210.0,2870.0,102.5,11.35,71.0,86.95,14.1,76.43333333333334,49.3
74.7,9.06,30.21666666666667,30.65,14.25,271.5,26.95833333333333,53.4,105.5,180.5,7.72,70.3,24.5,28.85,42.8,108.0,41.9,13.2,18.25,36.8,183.0,442.0,29.8125,20.694444444444443,47.75,31.95,24.1,24.05,386.0,23.1,18.9,52.1025,7.44,36.35,10.7,13.625,16.8,60.33333333333334,38.12972972972973,31.5,28.9,61.70000000000001,81.8,47.91666666666666,51.20000000000001,29.05,22.3,97.13333333333333,62.29999999999999,14.35,60.96666666666666,15.05,35.10697674418604,10.3875,11.75,22.6,19.4,224.0,189.5,23.9,9.44,26.3,8.52,10.0,13.65,19.05,8.2,18.09666666666667,57.2,117.0,13.9,49.62777777777778,67.2,18.1375,90.95,34.0,94.9,151.0,36.5,55.3,8.84,105.0,60.7,72.0,424.0,35.65,212.0,15.95,193.0,187.5,92.33333333333331,257.0,41.4,85.5,37.3,35.45,33.4,57.15000000000001,71.01666666666667,61.0,70.5,29.946666666666665,532.9090909090909,20.1,55.6,382.5,250.5,33.5,11.5,161.33333333333334,37.20677966101695,85.7,43.1,130.3,96.5,289.0,61.85,226.55555555555557,43.45,11.03529411764706,98.4,277.5,346.0,16.57916666666667,15.97,54.89333333333333,47.72243589743589,9.283461538461538,20.09,13.3,24.0,12.15,11.236666666666668,19.133333333333333,15.875,210.25,2875.0,102.5,11.35,70.9,86.91666666666669,14.091666666666667,76.45,49.3
74.70000000000002,9.05,30.241666666666664,30.65,14.204545454545455,271.5,26.95,53.4,105.5,180.0,7.7200000000000015,70.2,24.5,28.9,42.8,108.5,41.95,13.2,18.25,36.7,183.0,442.0,29.85,20.7,47.7,31.95,24.15,24.05,386.0,23.125,18.905,52.29999999999999,7.44,36.3,10.7,13.65,16.837500000000002,60.3,38.192307692307686,31.46666666666667,28.872222222222227,61.70000000000001,81.8,47.9,51.2,29.05,22.25,97.1,62.4,14.3,61.0,15.05,35.2,10.4,11.75,22.6,19.398529411764702,224.5,190.0,23.957142857142852,9.445,26.3,8.52,10.05,13.65,19.05,8.2,18.101315789473684,57.1,116.54545454545456,13.95,49.59166666666667,67.14,18.102777777777774,90.97894736842105,34.0,94.90000000000002,150.5,36.55,55.3,8.85,104.75,60.78666666666666,72.0,425.5,35.62000000000001,211.5,15.95,192.625,187.25,92.33333333333331,257.25,41.4,85.5,37.3,35.475,33.372222222222234,57.20000000000001,71.1,61.0,70.4,29.95,533.0,20.1,55.6,383.0,250.0,33.5,11.5,161.375,37.20126582278481,85.7,43.1,130.21428571428572,96.6,289.0,61.87142857142857,226.75,43.5,11.0,98.4,277.5,346.0,16.55,16.0,54.9,47.771428571428565,9.285238095238094,20.05,13.35,24.025,12.2,11.238888888888885,19.145454545454548,15.86875,210.0,2870.0,102.5,11.35,71.0,86.93333333333334,14.1,76.39999999999998,49.3
74.7,9.06,30.21666666666667,30.65,14.25,271.5,26.95833333333333,53.43333333333334,105.5,180.0,7.72,70.3,24.5,28.85,42.8,108.0,41.93333333333333,13.2,18.25,36.8,183.0,442.0,29.8125,20.7,47.75,31.95,24.1,24.05,386.0,23.100000000000005,18.94871794871795,52.2,7.445405405405406,36.35,10.7,13.63,16.85,60.3,38.200403225806454,31.5,28.850000000000005,61.7,81.8,47.9,51.26666666666666,29.05,22.3,97.1,62.3,14.35,61.0,15.05,35.1,10.3875,11.7,22.55,19.35,224.0,189.5,24.0,9.446666666666664,26.25,8.52,10.0,13.65,19.05,8.2,18.1,57.2,116.5,13.9,49.62777777777778,67.19090909090909,18.121698113207547,90.98333333333332,34.0,94.9,150.83333333333334,36.55,55.3,8.84,105.0,60.83333333333334,71.9857142857143,424.0,35.55,212.0,15.95,193.0,187.125,92.3,257.0,41.4,85.5,37.3,35.46250000000001,33.378571428571426,57.21935483870968,71.03333333333333,61.0,70.5,29.9,532.3529411764706,20.1,55.63333333333333,382.5,250.0,33.5,11.5,161.41666666666666,37.18125000000001,85.71355932203392,43.14492753623188,130.32926829268294,96.5,288.75,61.8,226.55555555555557,43.5,11.03076923076923,98.40000000000002,277.6666666666667,346.0,16.575,15.97,54.96875,47.75,9.284444444444443,20.1,13.327777777777778,24.04615384615385,12.2,11.236666666666668,19.111428571428572,15.87,210.0,2875.0,102.5,11.35,70.9090909090909,87.0,14.1,76.45,49.3
74.7,9.06,30.241666666666664,30.65,14.204545454545455,271.5,26.95,53.4,105.5,180.0,7.71,70.3,24.55,28.9,42.8,108.5,41.93571428571429,13.2,18.2,36.7,183.0,442.0,29.83333333333333,20.700000000000006,47.7,31.95,24.1,24.05,386.0,23.146710526315786,18.95,52.27500000000001,7.45,36.3,10.7,13.625,16.85,60.20000000000001,38.24761904761905,31.5,28.8,61.7,81.8,47.9,51.23636363636364,29.050000000000004,22.25,97.25,62.3,14.3,61.0875,15.05,35.1,10.35,11.75,22.6,19.4,224.5,190.0,23.957142857142852,9.45,26.300000000000004,8.52,10.05,13.65,19.05,8.2,18.114285714285714,57.1,117.0,13.9,49.65,67.3,18.125,91.01428571428572,33.99,94.90000000000002,150.5,36.55,55.26666666666667,8.84,105.0,60.823076923076925,72.0,425.5,35.62000000000001,211.5,15.95,193.0,187.5,92.33333333333331,257.25,41.45,85.5,37.3,35.475,33.4,57.3,71.0,61.05,70.4,29.9,532.9615384615385,20.125,55.66666666666666,383.0,250.0,33.5,11.5,161.25,37.19264705882353,85.8,43.11363636363637,130.5,96.56,289.0,61.89999999999999,226.75,43.5,11.0,98.40000000000002,277.9166666666667,346.0,16.55,16.0,55.0,47.75,9.286428571428573,20.1,13.3,24.011111111111113,12.16875,11.25,19.1,15.875,210.0,2870.0,102.5,11.35,70.9,86.96666666666665,14.1,76.39999999999998,49.25
74.7,9.05,30.25,30.65,14.25,272.0,26.95,53.5,105.5,180.0,7.71,70.3,24.55,28.85,42.8,108.0,41.93333333333333,13.150000000000002,18.225,36.8,183.0,442.0,29.8125,20.7,47.65,31.95,24.1,24.05,386.0,23.11666666666667,18.95,52.2,7.4458666666666655,36.35,10.7,13.63,16.85,60.1,38.31333333333333,31.5,28.8,61.7,81.8,47.9,51.21052631578947,29.05,22.3,97.36666666666667,62.3,14.3625,61.06,15.05,35.1,10.3875,11.75,22.55,19.4,224.0,190.0,24.0,9.446666666666664,26.3,8.52142857142857,10.0375,13.65,19.05,8.199999999999998,18.1,57.2,116.38095238095238,13.9,49.65,67.3625,18.133333333333333,91.0,34.0,94.9,150.75,36.55,55.3,8.84,104.5,60.79999999999999,72.0,424.0,35.566666666666656,212.0,15.95,193.0,187.5,92.3,257.0,41.425,85.5,37.35,35.46250000000001,33.45,57.24285714285714,71.2,61.0,70.4,29.92,533.5882352941177,20.10454545454546,55.63333333333333,382.5,250.0,33.5,11.5,161.25,37.21875,85.79230769230769,43.097950819672135,130.28125,96.5875,288.75,61.86666666666667,226.55555555555557,43.5,11.01,98.4,277.9907407407408,346.0,16.590384615384615,15.97,55.0,47.75,9.283333333333333,20.05,13.327777777777778,24.016666666666666,12.2,11.221875,19.1,15.85,210.0,2870.0,102.5,11.35,70.9,86.94000000000003,14.05,76.45,49.271428571428565
74.7,9.05076923076923,30.2,30.65,14.204545454545455,271.5,26.925,53.4,105.5,180.0,7.71,70.4,24.55,28.9,42.8,109.0,41.95,13.15,18.2,36.7,183.0,442.0,29.83333333333333,20.7,47.675,31.95,24.1,24.05,386.0,23.125,18.95853658536585,52.27500000000001,7.45,36.35,10.7,13.625,16.85,60.3,38.35,31.5,28.821428571428577,61.64444444444445,81.8,47.9,51.17777777777778,29.075000000000006,22.25,97.3,62.3,14.3,61.0,15.05,35.1,10.35,11.75,22.6,19.4,224.5,190.5,24.0,9.45,26.3,8.52,10.05,13.65,19.05,8.2,18.15,57.1,116.5,13.916666666666664,49.65,67.35000000000001,18.105263157894736,91.0,33.95,94.90000000000002,150.5,36.54411764705883,55.3,8.84,105.0,60.76666666666667,71.95,425.5,35.62000000000001,211.5,15.95,192.75,187.5,92.33333333333331,257.25,41.45,85.5,37.3,35.475,33.435,57.25,71.1,61.0,70.5,29.9,534.1836734693877,20.102941176470583,55.66666666666666,383.0,250.0,33.5,11.5,161.28571428571428,37.2,85.7675,43.086419753086425,130.4375,96.59230769230768,289.0,61.875,226.75,43.5,11.016964285714288,98.41666666666669,278.0,346.0,16.56875,15.966666666666667,54.98,47.75,9.288360655737703,20.1,13.3,24.0,12.16875,11.225,19.133333333333333,15.9,210.5,2870.0,102.5,11.35,70.9,87.0,14.1,76.39999999999998,49.25
74.7,9.05,30.25,30.65,14.25,272.0,26.99375,53.5,105.5,180.0,7.71,70.32000000000001,24.55,28.85,42.8,108.0,41.93333333333333,13.150000000000002,18.225,36.8,183.0,440.0,29.8125,20.7,47.65,31.95,24.1,24.1,386.0,23.15,18.95,52.2375,7.45,36.35,10.75,13.65,16.85,60.1,38.35,31.5,28.8,61.65000000000001,81.8,47.93,51.2,29.05,22.275,97.5,62.3,14.4,61.1,15.05,35.1,10.3875,11.75,22.594444444444452,19.4,224.0,191.0,23.95,9.446666666666664,26.3,8.52625,10.0375,13.65,19.05,8.195,18.1125,57.1,117.0,13.9,49.65,67.4,18.11071428571429,90.95,33.95,94.9,150.5,36.5,55.29999999999999,8.836,105.0,60.70000000000001,72.0,424.0,35.566666666666656,212.0,15.95,193.0,187.5,92.36666666666667,257.0,41.45,85.5,37.4,35.46666666666667,33.416666666666664,57.29999999999999,71.1,60.90714285714286,70.4,29.9,534.7857142857143,20.113157894736844,55.63333333333333,382.5,250.0,33.55,11.5,161.16666666666666,37.2,85.79999999999998,43.09545454545455,130.5,96.6,288.75,61.9,227.0,43.5,11.016666666666666,98.43571428571428,278.3333333333333,346.0,16.55,15.95,54.90000000000001,47.74019607843139,9.290499999999998,20.05,13.327777777777778,24.0,12.2,11.238461538461538,19.145454545454548,15.855882352941176,210.16666666666663,2870.0,102.33333333333331,11.35,70.9,86.94000000000003,14.05,76.4,49.271428571428565
74.7,9.05076923076923,30.24285714285714,30.65,14.204545454545455,271.8333333333333,26.925,53.5,105.5,180.0,7.719230769230768,70.49090909090908,24.55,28.9,42.8,109.0,41.98333333333333,13.15,18.25,36.7,183.0,440.0,29.85,20.696428571428566,47.675,31.95,24.1,24.05,386.0,23.15,18.95853658536585,52.211111111111116,7.45125,36.35,10.7,13.65,16.80454545454546,60.1,38.38703703703703,31.5,28.821428571428577,61.65000000000001,81.8,47.9,51.315,29.075000000000006,22.297619047619047,97.5,62.3,14.3,61.05,15.05,35.1,10.35,11.75,22.625,19.4,224.5,191.25,24.0,9.44,26.3,8.523333333333332,10.05,13.65,19.05,8.19074074074074,18.15,57.15000000000001,116.5,13.916666666666664,49.6,67.27499999999999,18.1,91.0,33.95,94.90000000000002,150.5,36.525,55.25,8.83,105.0,60.8,72.0,425.5,35.5,211.5,15.95,193.03571428571428,187.5,92.33333333333331,257.25,41.45,85.41428571428571,37.4,35.5,33.5,57.285714285714285,71.1,60.9,70.4,29.9,535.0,20.12,55.6,383.0,250.0,33.55,11.521153846153847,161.5,37.2,85.79473684210525,43.05885416666667,130.44444444444446,96.7,289.0,61.85,227.0,43.5,11.0,98.4,278.3,346.0,16.55,15.966666666666667,54.96,47.75,9.290625,20.1,13.35,24.0,12.175,11.199999999999998,19.104545454545452,15.855555555555556,210.5,2870.0,102.5,11.353333333333332,70.9,87.0,14.083333333333336,76.39999999999998,49.25
74.8,9.05,30.25,30.65,14.25,272.0,26.99375,53.5,105.5,180.0,7.71,70.69473684210527,24.575000000000006,28.85,42.85,108.0,41.97222222222222,13.150000000000002,18.25,36.8,183.0,442.0,29.85,20.75,47.65,31.92,24.1,24.1,386.0,23.15129533678756,18.95,52.2,7.45,36.35,10.75,13.65,16.849999999999998,60.20000000000001,38.42058823529412,31.5,28.840909090909093,61.6,81.8,47.93333333333334,51.3,29.05,22.33103448275862,97.33333333333331,62.3,14.35,61.1,15.05,35.1,10.349999999999998,11.7,22.594444444444452,19.4,224.0,191.2,23.95,9.446666666666664,26.3,8.52625,10.0,13.65,19.05,8.2,18.15,57.1,116.9761904761905,13.9,49.65,67.4,18.138461538461534,91.0,33.95,94.9,150.5,36.55,55.3,8.83,105.0,60.70000000000001,72.0,424.0,35.566666666666656,212.0,15.949999999999998,193.1875,187.5,92.36666666666667,257.0,41.45,85.4875,37.4,35.46666666666667,33.40833333333333,57.2,71.1,60.90714285714286,70.4,29.899999999999995,535.0,20.11578947368421,55.65000000000001,382.5,250.0,33.575,11.504545454545456,161.125,37.2,85.7818181818182,43.088,130.265625,96.7,288.75,61.86666666666667,227.0,43.5,11.041666666666664,98.4,278.3,345.875,16.55,16.0,55.0,47.75,9.294117647058824,20.1,13.3,24.02,12.2,11.25,19.15,15.891666666666666,210.16666666666663,2870.0,102.5,11.35,70.9,86.94000000000003,14.050000000000002,76.4,49.3
74.7,9.05,30.24285714285714,30.65,14.204545454545455,271.8333333333333,27.0,53.4,105.5,180.0,7.71,70.7,24.55,28.9,42.8,109.0,41.98333333333333,13.15,18.25,36.7,183.0,442.0,29.85,20.696428571428566,47.625,31.95,24.1,24.05,386.0,23.2,18.99772727272727,52.2,7.45,36.35,10.75,13.6,16.85,60.1,38.45,31.5,28.838461538461537,61.6,81.8,47.93,51.321052631578944,29.05,22.35,97.5,62.3875,14.3,61.0,15.05,35.1,10.35,11.75,22.625,19.4,224.0,191.33333333333331,24.0,9.44,26.3,8.52,10.05,13.65,19.05,8.198181818181817,18.15,57.15000000000001,117.0,13.95,49.6,67.4,18.1,91.0,33.95,94.9,150.75,36.542857142857144,55.25,8.83,105.0,60.8,72.0,425.5,35.5,211.5,15.95,193.03571428571428,187.5,92.33333333333331,257.25,41.4,85.41428571428571,37.3875,35.5,33.4,57.29999999999999,71.1,60.9,70.4,29.9,535.0,20.1,55.6,383.0,250.0,33.6,11.5,161.16666666666666,37.175,85.72222222222223,43.109672619047615,130.25,96.70000000000002,288.5,61.9,226.75,43.5,11.0,98.42857142857143,278.3,345.5,16.588888888888892,15.975,55.0,47.75,9.29,20.07857142857143,13.3,24.01875,12.16,11.225,19.12777777777778,15.9,210.5,2870.0,102.5,11.391666666666667,70.9,86.93,14.075,76.39999999999998,49.29999999999999
74.8,9.05,30.25,30.65,14.25,271.875,26.99375,53.5,105.5,180.16666666666663,7.717999999999999,70.4857142857143,24.575000000000006,28.85,42.85,108.0,42.00588235294117,13.150000000000002,18.25,36.8,183.0,442.0,29.85,20.75,47.65,31.95,24.1,24.1,386.0,23.18484848484849,18.95,52.2,7.455555555555557,36.35,10.7,13.65,16.842857142857145,60.20000000000001,38.45,31.5,28.840909090909093,61.54411764705882,81.8,47.95,51.38888888888889,29.05,22.35,97.5,62.4,14.35,61.10000000000001,15.05,35.1,10.35,11.7,22.594444444444452,19.45,224.0,191.2,23.95,9.446666666666664,26.3,8.522,10.0,13.65,19.05,8.2,18.15,57.16666666666666,116.5,13.95,49.70000000000001,67.4,18.15,90.875,33.95,94.9,150.5,36.55,55.29999999999999,8.83,105.0,60.8,72.1,424.0,35.566666666666656,212.0,15.95,193.5,187.5,92.36666666666667,257.0,41.4,85.4,37.4,35.46666666666667,33.4,57.2,71.1,60.8,70.4,29.899999999999995,534.8571428571429,20.1,55.62000000000001,382.5,250.25,33.6,11.514285714285714,161.125,37.19000000000001,85.74915254237287,43.101388888888884,130.44444444444446,96.7,288.75,61.9,227.0,43.5,10.994117647058824,98.4,278.25,345.5,16.55,16.0,54.988888888888894,47.75,9.28609375,20.1,13.29974358974359,24.03125,12.154166666666667,11.2,19.105263157894736,15.864285714285714,210.16666666666663,2875.0,102.0,11.35,70.9,87.0,14.06818181818182,76.4,49.3
74.8,9.05,30.258333333333336,30.65,14.204545454545455,271.6666666666667,27.0,53.4,105.4,180.5,7.719090909090909,70.7,24.6,28.85,42.85,109.0,42.0,13.15,18.25,36.7,183.0,442.0,29.85,20.7,47.625,31.95,24.163888888888888,24.05,386.0,23.20729927007299,18.95,52.18000000000001,7.457407407407408,36.35,10.7,13.6,16.808333333333334,60.1,38.45806451612904,31.55,28.8,61.6,81.7090909090909,47.95,51.369230769230775,29.05,22.35,97.25,62.488888888888894,14.35,61.096,15.05,35.1,10.35,11.747727272727273,22.625,19.4,224.0,191.7,23.95,9.44,26.3,8.52,10.05,13.65,19.05,8.198181818181817,18.15,57.2,117.0,13.933333333333332,49.6,67.4,18.15,90.9,33.95,94.9,150.0,36.55,55.25,8.83,105.0,60.9,72.02631578947368,425.5,35.5,211.5,15.95,193.5,187.0,92.4,257.25,41.4,85.58,37.3875,35.46666666666667,33.416666666666664,57.20000000000001,71.1,60.79999999999999,70.4,29.9,535.0,20.137500000000006,55.6,383.0,250.25,33.6,11.506666666666666,161.5,37.2,85.8,43.094444444444434,130.10714285714286,96.7,288.5,61.96666666666667,227.0,43.45,10.978260869565217,98.4,278.0,345.5,16.55,15.975,54.968888888888884,47.798076923076906,9.280625,20.1,13.25,24.05,12.199999999999998,11.241176470588233,19.116666666666667,15.8625,210.5,2875.0,102.5,11.355555555555556,70.9,86.91666666666669,14.1,76.39999999999998,49.3
74.8,9.05,30.25,30.65,14.25,271.875,26.99375,53.5,105.5,180.0,7.717999999999999,70.4857142857143,24.575000000000006,28.8,42.8,108.0,42.0,13.2,18.25,36.8,183.0,442.0,29.85,20.75,47.65,31.95,24.1,24.05,386.0,23.265,18.96,52.2,7.45775,36.35,10.75,13.61,16.85,60.20000000000001,38.43636363636365,31.55,28.827500000000004,61.6,81.8,47.91,51.36153846153846,29.05,22.35,97.5,62.5,14.35,61.1,15.05,35.1,10.35,11.7,22.594444444444452,19.4,224.0,191.95,24.0,9.45,26.300000000000004,8.522,10.0,13.65,19.1,8.2,18.15,57.16666666666666,116.75,13.9,49.7,67.4,18.15,90.90000000000002,33.95,94.9,150.0,36.55,55.29999999999999,8.82,105.0,60.9,72.1,424.0,35.566666666666656,212.0,16.0,193.5,187.5,92.36666666666667,257.0,41.4,85.59999999999998,37.38333333333333,35.5,33.4,57.3,71.1,60.9,70.5,29.86666666666667,535.0,20.107142857142858,55.625,382.5,250.25,33.6,11.5,161.0,37.2,85.79333333333331,43.11949404761905,130.44444444444446,96.7,289.0,61.94285714285714,227.0,43.45,10.995327102803738,98.4,278.25,346.0,16.588636363636365,16.0,54.98461538461538,47.8,9.28074074074074,20.05,13.25,24.0125,12.2,11.2,19.1,15.9,210.5,2875.0,102.5,11.35,70.9,87.0,14.06818181818182,76.4,49.3
74.8,9.05,30.258333333333336,30.65,14.204545454545455,271.6666666666667,27.0,53.4,105.4,180.5,7.719090909090909,70.7,24.6,28.8,42.85,109.0,42.0,13.15,18.25,36.7,183.0,442.0,29.85,20.7,47.7,31.95,24.163888888888888,24.05,387.0,23.327076411960128,18.975,52.1375,7.460000000000001,36.35,10.75,13.6,16.8,60.3,38.42941176470589,31.55,28.834375000000005,61.56666666666666,81.7090909090909,47.95,51.4,29.05,22.35,97.35,62.477777777777774,14.4,61.03333333333333,15.05,35.1,10.35,11.7,22.633333333333336,19.4,224.0,192.46153846153842,23.95,9.44,26.31755319148936,8.52,10.05,13.65,19.05,8.2,18.15,57.1,116.5,13.933333333333332,49.65000000000001,67.4,18.15,91.0,33.95,95.0,150.0,36.6,55.31428571428571,8.83,105.18556701030927,60.9,72.02499999999998,425.5,35.55,211.5,15.95,193.5,187.0,92.4,257.25,41.4,85.65294117647058,37.35,35.475,33.45,57.29999999999999,71.1,60.83333333333334,70.4,29.85,534.8,20.1,55.7,383.0,250.25,33.6,11.5,161.2,37.225,85.8,43.108270676691724,130.30434782608697,96.7,288.5,61.96666666666667,227.0,43.45,11.0,98.41111111111113,278.3333333333333,345.75,16.57931034482759,16.0,55.0,47.8,9.284736842105264,20.1,13.3,24.0,12.2,11.2,19.1,15.85,210.5,2875.0,102.5,11.4,70.8,86.91666666666669,14.1,76.39999999999998,49.311111111111096
74.7,9.055714285714286,30.240625,30.65,14.25,271.875,26.99375,53.5,105.5,180.0,7.717999999999999,70.4857142857143,24.575000000000006,28.8,42.8,108.0,42.0,13.2,18.25,36.8,183.0,442.0,29.891666666666666,20.7,47.65,31.95,24.15,24.05,386.0,23.323076923076922,18.95,52.20833333333334,7.468762886597936,36.35,10.75,13.61,16.85,60.3,38.4625,31.55,28.825000000000006,61.56666666666666,81.70588235294117,47.9,51.4,29.05,22.35,97.36666666666667,62.48095238095237,14.35,61.00909090909091,15.0375,35.05,10.35,11.75,22.649999999999995,19.4,224.0,192.4375,24.0,9.45,26.33447204968944,8.53,10.0,13.650000000000002,19.1,8.2,18.1,57.16666666666666,116.83333333333331,13.9,49.7,67.4,18.15,90.95,33.95,94.9,150.0,36.6,55.35000000000001,8.82,105.5,60.9,72.1,424.0,35.566666666666656,212.0,15.95,193.54545454545453,187.5,92.36666666666667,257.0,41.4,85.84117647058825,37.375,35.5,33.45,57.25,71.1,60.9,70.5,29.850000000000005,535.0,20.147486033519552,55.6,382.5,250.25,33.6,11.5,161.375,37.225,85.7529411764706,43.15000000000001,130.5,96.59999999999998,289.0,61.95,227.0,43.45,11.0,98.4,278.42857142857144,346.0,16.575000000000006,16.0,54.91052631578947,47.8,9.281666666666666,20.077272727272728,13.29375,24.0,12.199999999999998,11.2,19.116666666666667,15.85,210.33333333333331,2875.0,102.5,11.349999999999998,70.9,87.0,14.05,76.4,49.31410256410256
74.72500000000002,9.056111111111113,30.2,30.65,14.204545454545455,271.6666666666667,27.0,53.4,105.4,180.5,7.719090909090909,70.4,24.6,28.8,42.85,109.0,42.0,13.175,18.25,36.7,183.0,442.0,29.9,20.7,47.7,31.95,24.163888888888888,24.05,387.0,23.317159763313608,18.958823529411767,52.3,7.461666666666666,36.35,10.75,13.65,16.85,60.3,38.49615384615385,31.55,28.834375000000005,61.6,81.6,47.91666666666666,51.4,29.05,22.3,97.5,62.57868217054264,14.4,61.0,15.05,35.055,10.35,11.75,22.600000000000005,19.4,224.0,192.5,24.0,9.44,26.4,8.53,10.05,13.65,19.05,8.19,18.15,57.1,116.5,13.925,49.6,67.3,18.12777777777778,91.0,33.95,95.0,150.5,36.6,55.29999999999999,8.83,105.5,60.79999999999999,72.1,425.5,35.55,211.5,15.95,193.7,187.0,92.4,257.25,41.4,85.96153846153847,37.35,35.45,33.45,57.3,71.1,60.85,70.4,29.85,534.9090909090909,20.1,55.7,382.5,250.5,33.6,11.5,161.75,37.225,85.80000000000003,43.111538461538466,130.10416666666666,96.7,288.5,61.95,226.5,43.4,11.0,98.4,278.25,346.0,16.595833333333335,15.966666666666667,54.95799999999999,47.79999999999999,9.280384615384618,20.075000000000006,13.25,24.0,12.2,11.236363636363638,19.1425,15.85625,210.5,2875.0,102.5,11.379310344827585,70.8,86.9,14.1,76.39999999999998,49.326724137931045
74.8,9.05,30.2,30.65,14.25,271.875,27.0,53.4,105.375,180.0,7.709999999999999,70.4857142857143,24.6,28.8,42.8,108.0,42.0,13.2,18.25,36.8,183.0,442.0,29.87058823529412,20.7,47.7,31.95,24.15,24.05,386.0,23.34870466321244,18.990625,52.28,7.46,36.35,10.7025,13.607142857142858,16.8,60.3,38.52384615384615,31.53333333333333,28.81666666666667,61.53333333333333,81.70588235294117,47.96666666666667,51.4,29.05,22.25,97.5,62.60160857908848,14.349999999999998,61.05200000000001,15.0375,35.05,10.35,11.75,22.649999999999995,19.4,224.5,192.83333333333331,24.05,9.45,26.35,8.53111111111111,10.0,13.65,19.1,8.2,18.1,57.16666666666666,117.0,13.95,49.59375,67.32000000000001,18.146226415094336,90.94,33.95,95.0,150.5,36.6,55.3,8.82,105.5,60.9,72.1,425.5,35.5,212.0,15.95,193.54545454545453,187.5,92.36666666666667,257.0,41.4,86.01818181818182,37.35,35.5,33.5,57.29999999999999,71.1,60.79999999999999,70.4,29.85,535.5,20.133333333333333,55.6,382.5,250.5,33.6,11.5,161.7,37.2,85.775,43.13571428571429,130.5,96.59999999999998,289.0,61.92,227.0,43.45,11.0,98.4,278.42857142857144,346.04,16.563333333333336,16.0,54.957142857142856,47.75588235294117,9.286190476190477,20.05,13.298952879581153,24.016666666666666,12.199999999999998,11.2,19.1,15.868333333333334,210.5,2875.0,102.5,11.4,70.9,86.9,14.0875,76.4,49.35
74.72500000000002,9.05,30.2,30.7,14.204545454545455,271.75,27.0,53.4,105.5,180.5,7.7142857142857135,70.4,24.6,28.8,42.85,109.0,42.0,13.175,18.25,36.7,183.0,440.0,29.9,20.7,47.7,31.95,24.2,24.05,387.0,23.35,18.975,52.26666666666667,7.461666666666666,36.35,10.7,13.65,16.85,60.3,38.607352941176465,31.525,28.8,61.51666666666667,81.6,47.988888888888894,51.38,29.05,22.3,97.525,62.82642045454546,14.37,61.0,15.05,35.055,10.35,11.75,22.6,19.4,224.0,193.13636363636363,24.0,9.44,26.350000000000005,8.53,10.05,13.65,19.05,8.192166666666665,18.1,57.1,117.0,13.9,49.6,67.3,18.114285714285714,91.0,33.95,95.0,151.0,36.605263157894726,55.29999999999999,8.83,105.5,60.79999999999999,72.11428571428574,425.5,35.55,211.5,15.95,193.65,187.0,92.4,257.25,41.4,86.20000000000002,37.3,35.46666666666667,33.45,57.3,71.10666666666667,60.85,70.4,29.85,536.0,20.14210526315789,55.63333333333333,382.5,250.5,33.6,11.525581395348835,161.75,37.21666666666667,85.76666666666667,43.104522613065335,130.44444444444446,96.73333333333332,289.0,61.75,226.5,43.4,11.0,98.4,278.3947368421053,346.5,16.564285714285713,15.966666666666667,54.98461538461538,47.79166666666666,9.286774193548387,20.1,13.35,24.0,12.2,11.241666666666667,19.125862068965517,15.85,210.0,2875.0,102.5,11.357627118644068,70.8,87.0,14.1,76.5,49.35
74.8,9.05,30.2,30.7,14.25,271.8333333333333,27.0,53.4,105.5,180.0,7.709999999999999,70.4857142857143,24.6,28.8,42.8,109.0,42.0,13.2,18.275,36.8,183.0,442.0,29.87058823529412,20.7,47.7,31.95,24.15,24.1,386.0,23.33807692307692,18.994642857142857,52.25,7.47,36.35,10.75,13.61,16.833333333333336,60.3,38.66296296296297,31.53333333333333,28.826470588235303,61.6,81.6,48.0,51.36,29.05,22.25,97.8,63.0,14.3,61.0,15.0375,35.05,10.35,11.75,22.616666666666664,19.4,224.5,194.16666666666663,24.05,9.45,26.35,8.53111111111111,10.0,13.65,19.1,8.2,18.075000000000006,57.16666666666666,116.66666666666669,13.95,49.59375,67.4,18.1,91.1,34.0,95.0,150.5,36.79396551724138,55.3,8.82,105.0,60.85,72.17142857142858,425.5,35.5,212.0,15.95,193.5,187.5,92.36666666666667,257.0,41.4,86.18510638297873,37.35,35.5,33.464285714285715,57.26666666666667,71.2,60.9,70.68518518518519,29.850000000000005,535.625,20.15,55.7,382.5,250.5,33.6,11.53,161.8125,37.2125,85.7909090909091,43.14090909090909,130.16666666666666,96.59999999999998,289.0,61.9,227.0,43.45,11.0,98.4,278.5,346.5,16.55,16.0,54.94285714285714,47.8,9.289122807017543,20.1,13.3,24.0,12.15625,11.25,19.1375,15.85,210.0,2875.0,102.5,11.375,70.8,87.0,14.05,76.4,49.45
74.8,9.06,30.200000000000006,30.7,14.204545454545455,271.5,27.0,53.4,105.0,180.5,7.72,70.3,24.65,28.8,42.825,109.0,42.1,13.175,18.25,36.7,183.0,440.0,29.9,20.7,47.7,31.95,24.2,24.05,387.0,23.35,18.994642857142857,52.3,7.4694117647058835,36.35,10.75,13.6,16.85,60.3,38.61923076923077,31.55,28.8,61.6,81.6,48.0,51.4,29.06,22.3,97.7,63.0,14.37,61.0,15.0,35.055,10.35,11.75,22.6,19.4,224.0,194.6875,24.05,9.44,26.350000000000005,8.53,10.05,13.65,19.05,8.192166666666665,18.09583333333333,57.1,117.0,13.95,49.65000000000001,67.41333333333334,18.1,91.02,33.95,95.0,150.5,36.85416666666666,55.25,8.83,105.0,60.70000000000001,72.17857142857143,425.5,35.55,211.5,16.0,194.0,187.0,92.4,257.25,41.3875,86.10344827586206,37.3,35.45,33.475,57.3,71.1,60.9,70.46666666666667,29.875,535.6666666666666,20.15,55.6,382.5,250.5,33.6,11.510526315789473,161.5,37.15714285714285,85.8,43.113888888888894,130.45652173913044,96.7,289.0,61.86,226.5,43.45,11.0,98.4,278.58823529411757,346.5,16.549999999999994,15.966666666666667,55.0,47.8,9.2875,20.075000000000006,13.3,24.0,12.199999999999998,11.22,19.12,15.8625,210.1,2875.0,102.5,11.351960784313723,70.8,86.9,14.091666666666667,76.5,49.35
74.8,9.05,30.2,30.7,14.25,271.5,27.0,53.4,105.33333333333331,180.0,7.7200000000000015,70.4857142857143,24.6,28.8,42.85,109.0,42.09444444444445,13.2,18.25,36.8,183.0,442.0,29.87058823529412,20.7,47.7,31.9,24.2,24.1,386.0,23.350000000000005,19.0,52.3,7.468461538461539,36.35,10.75,13.61,16.85,60.3,38.69000000000001,31.55,28.835294117647067,61.6,81.6,47.99285714285714,51.4,29.05,22.25,97.7,62.90746268656717,14.3,61.0,15.0,35.05,10.35,11.7,22.616666666666664,19.4,224.5,194.5,24.05,9.45,26.35,8.53111111111111,10.0,13.65,19.1,8.19125,18.1,57.16666666666666,117.0,13.916666666666664,49.6,67.4,18.1,91.1,34.0,95.0,150.5,36.78333333333333,55.2,8.82,105.0,60.9,72.18181818181819,425.5,35.5,212.0,15.95,193.5,187.5,92.36666666666667,257.0,41.4,86.24761904761904,37.3,35.5,33.45,57.292307692307695,71.03333333333333,60.81428571428571,70.4,29.860000000000007,535.375,20.146875,55.7,382.5,250.5,33.6,11.5,161.83333333333334,37.185,85.7909090909091,43.14285714285713,130.27083333333334,96.76666666666668,289.0,62.0,227.0,43.45,11.0,98.40000000000002,278.75,346.5,16.550000000000004,15.96,54.90000000000001,47.786792452830184,9.280555555555557,20.075,13.3,24.0,12.2,11.25,19.1375,15.883333333333333,210.5,2875.0,102.0,11.35,70.9,86.91666666666669,14.1,76.4,49.425
74.8,9.06,30.200000000000006,30.65,14.204545454545455,271.5,27.0,53.4,105.0,180.5,7.72,70.3,24.65,28.8,42.825,109.0,42.1,13.175,18.25,36.7,183.0,442.0,29.9,20.7,47.7,31.925,24.2,24.05,387.0,23.35,19.0,52.25,7.46,36.35,10.75,13.607692307692306,16.85,60.3,38.70000000000001,31.55,28.8,61.5125,81.7090909090909,47.98,51.40000000000001,29.05,22.3,97.7,62.99090909090909,14.37,61.05,15.002272727272727,35.055,10.35,11.75,22.616666666666664,19.4,224.0,193.5,24.05,9.44,26.350000000000005,8.54,10.05,13.65,19.075000000000006,8.2,18.1,57.1,116.58333333333331,13.9375,49.65000000000001,67.45,18.1,91.02,34.0,94.9,150.5,36.792857142857144,55.23333333333333,8.82,105.0,60.70000000000001,72.1888888888889,425.5,35.55,212.0,16.0,194.06,187.375,92.4,257.25,41.35,86.2,37.25,35.475,33.457142857142856,57.3,71.00625,60.9,70.4,29.85,536.0,20.15,55.63333333333333,382.5,250.5,33.6,11.514285714285714,161.83333333333334,37.15333333333333,85.788,43.102500000000006,130.4814814814815,96.7,289.0,61.9,226.83333333333331,43.45,11.0,98.40000000000002,278.5,346.5,16.549999999999994,15.952380952380953,54.847368421052636,47.78333333333333,9.28,20.1,13.3,24.0,12.199999999999998,11.225,19.15,15.85,210.25,2875.0,102.5,11.35,70.8,86.90000000000002,14.091666666666667,76.5,49.45
74.8,9.06,30.2,30.7,14.266666666666666,271.5,26.95,53.4,105.5,180.0,7.7200000000000015,70.3,24.6,28.850000000000005,42.85,109.0,42.10000000000001,13.2,18.25,36.8,183.0,442.0,29.87058823529412,20.7,47.7,31.9,24.2,24.1,386.0,23.3375,19.070152091254755,52.209090909090904,7.46,36.35,10.701612903225808,13.6,16.8,60.3,38.708333333333336,31.55,28.78333333333333,61.5,81.7,47.96666666666667,51.41818181818181,29.1,22.25,97.8,63.0,14.3,61.0,15.0,35.05,10.35,11.699999999999998,22.625,19.4,224.5,193.5,24.05,9.44,26.35,8.53,10.0,13.65,19.057142857142857,8.2,18.05,57.16666666666666,116.83333333333331,13.901388888888887,49.59166666666667,67.4,18.149056603773587,91.14,33.99666666666666,95.0,150.5,36.7,55.2,8.82,105.0,60.9,72.2,425.5,35.6,212.0,15.95,194.5,187.5,92.36666666666667,257.0,41.35,86.2,37.3,35.5,33.45,57.38947368421053,71.03333333333333,60.8,70.4,29.866666666666664,536.0,20.142857142857142,55.6,382.5,250.5,33.6,11.5,161.53333333333333,37.175,85.79047619047618,43.13,130.41304347826087,96.76666666666668,289.0,61.95,227.0,43.45,11.0,98.4,278.6666666666667,346.375,16.507142857142856,15.96,54.87916666666667,47.8,9.282272727272726,20.05454545454545,13.3,24.0,12.199999999999998,11.225,19.126666666666672,15.855,210.5,2875.0,102.5,11.352380952380955,70.9,86.91666666666669,14.1,76.4,49.425
74.8,9.06,30.200000000000006,30.65,14.204545454545455,271.5,26.95,53.5,105.5,180.5,7.7200000000000015,70.3,24.65,28.8,42.825,109.0,42.145,13.2,18.25,36.7,183.0,442.0,29.9,20.7,47.7,31.95,24.2,24.05,387.0,23.318181818181817,19.082426778242677,52.2,7.463030303030303,36.35,10.7,13.6,16.804545454545455,60.3,38.7,31.5,28.78250000000001,61.6,81.7090909090909,47.95,51.5,29.058064516129033,22.3,97.83333333333331,63.04552845528457,14.37,61.0,15.0,35.055,10.4,11.75,22.6,19.35,224.0,193.5,24.05,9.44,26.3375,8.54,10.05,13.65,19.05,8.2,18.1,57.1,117.0,13.95,49.65000000000001,67.4,18.126923076923077,91.2,34.0,94.9,150.5,36.7,55.3,8.83,105.0,60.70000000000001,72.18333333333334,425.5,35.55,212.0,15.95,195.0,187.375,92.4,257.25,41.35,86.2,37.25,35.45384615384615,33.45,57.3,71.00625,60.8,70.4,29.866666666666664,535.0,20.1475,55.6,382.5,250.5,33.6,11.5,161.75,37.164705882352955,85.78,43.15,130.13636363636363,96.65,289.0,61.93333333333334,226.83333333333331,43.45,11.0,98.41818181818184,278.6666666666667,346.0,16.5,15.952380952380953,54.847368421052636,47.79999999999999,9.283333333333333,20.1,13.3,24.030555555555555,12.199999999999998,11.240909090909092,19.1125,15.8625,210.25,2875.0,102.5,11.35,70.8,86.95,14.091666666666667,76.5,49.45
74.8,9.052857142857144,30.16,30.7,14.266666666666666,271.5,27.0,53.4,105.5,180.0,7.7200000000000015,70.2,24.6,28.866666666666664,42.85,109.0,42.13333333333333,13.2,18.25,36.8,183.0,442.0,29.87058823529412,20.7,47.7,31.9,24.2,24.1,386.0,23.314285714285717,19.05,52.2,7.467894736842106,36.35,10.7,13.65,16.8,60.3,38.73,31.55,28.77,61.5,81.7,47.95,51.5,29.1,22.295,97.9,63.1,14.3,61.0,15.0,35.05833333333333,10.35,11.7,22.6,19.355555555555558,224.5,193.08333333333331,24.05,9.44,26.31,8.53,10.0,13.7,19.05,8.2,18.15,57.1,116.5,13.9,49.58333333333334,67.39333333333333,18.15,91.33965517241379,33.99666666666666,95.0,150.5,36.6,55.2,8.82,105.0,60.86,72.2,426.0,35.6,211.5,15.95,195.0,187.5,92.36666666666667,257.0,41.35,86.20000000000002,37.3,35.5,33.45,57.3,71.02000000000002,60.8,70.4,29.850000000000005,535.6666666666666,20.11875,55.66666666666666,382.5,250.5,33.6,11.5,161.85714285714286,37.16666666666666,85.73673469387755,43.16105990783411,130.4,96.76666666666668,289.0,62.0,227.0,43.4,11.0,98.4,278.5,346.16666666666674,16.5,15.949999999999998,54.89999999999999,47.79999999999999,9.288148148148151,20.1,13.3,24.0,12.199999999999998,11.2,19.15,15.86,210.5,2875.0,102.5,11.361111111111109,70.85,87.0,14.1,76.4,49.425
74.8,9.06,30.200000000000006,30.65,14.204545454545455,271.5,26.95,53.5,105.5,180.5,7.72,70.3,24.65,28.8,42.825,109.0,42.145,13.2,18.25,36.7,183.0,442.0,29.9,20.7,47.7,31.95,24.2,24.05,387.0,23.30086206896552,19.05,52.009302325581395,7.459999999999999,36.3,10.7,13.65,16.85,60.3,38.72222222222221,31.5,28.8,61.52857142857143,81.7090909090909,47.95,51.47692307692307,29.1,22.3,97.76666666666668,62.97169811320754,14.37,61.0,15.0,35.055,10.349999999999998,11.75,22.600000000000005,19.36111111111111,224.0,193.0,24.05,9.44,26.350000000000005,8.54,10.05,13.65,19.05,8.2,18.12333333333333,57.1,117.0,13.95,49.575,67.4,18.15,91.6663829787234,33.95,94.9,150.5,36.55,55.3,8.82,105.0,60.79999999999999,72.1,425.5,35.55,212.0,15.95,195.55,187.375,92.4,257.25,41.35,86.2,37.3,35.5,33.458333333333336,57.4,71.1,60.83333333333334,70.5,29.850000000000005,536.0,20.108823529411765,55.6,382.5,250.5,33.6,11.5,161.7,37.15,85.6794871794872,43.176388888888894,130.475,96.63846153846156,289.0,61.975,227.0,43.45,11.0,98.40000000000002,278.5,346.5,16.504545454545454,15.952380952380953,54.9,47.79999999999999,9.294761904761904,20.085,13.3,24.0,12.15625,11.23,19.125,15.86,210.25,2870.0,102.5,11.400000000000002,70.9,86.96666666666668,14.091666666666667,76.5,49.45
74.8,9.059827586206897,30.149999999999995,30.7,14.266666666666666,271.5,27.0,53.4,105.5,180.0,7.7200000000000015,70.2,24.6,28.866666666666664,42.85,109.0,42.13333333333333,13.2,18.25,36.8,183.0,442.0,29.87058823529412,20.7,47.7,31.9,24.2,24.1,386.0,23.30271739130435,19.05,52.0,7.459999999999999,36.35,10.7,13.60185185185185,16.85,60.23333333333333,38.75,31.55,28.77,61.5,81.8,47.95,51.4,29.09891304347826,22.3,97.8,63.01617647058824,14.375,61.0,15.0,35.05833333333333,10.4,11.75,22.6,19.4,224.5,193.0,24.05,9.44,26.35,8.53,10.0,13.65,19.05,8.2,18.1,57.1,117.0,13.903125,49.62000000000001,67.5,18.15,91.98614718614719,33.95,95.0,150.5,36.5,55.3,8.82,105.0,60.86,72.1,426.5,35.6,211.5,15.95,195.5,187.5,92.3,257.0,41.4,86.20000000000002,37.3,35.5,33.4,57.4,71.02000000000002,60.74285714285714,70.4,29.850000000000005,535.0,20.116666666666667,55.6,382.5,250.5,33.6,11.505882352941176,161.66666666666666,37.177777777777784,85.60000000000002,43.19490740740742,130.5,96.6,289.0,62.0,227.0,43.4,11.0,98.40833333333336,278.6666666666667,346.16666666666674,16.5,15.949999999999998,54.91538461538461,47.8,9.29,20.1,13.3,24.0,12.199999999999998,11.242857142857144,19.1,15.85,210.5,2875.0,102.5,11.352307692307694,70.9,86.89999999999998,14.05,76.4,49.425
74.8,9.06,30.200000000000006,30.65,14.204545454545455,271.5,27.0,53.40625,105.5,180.5,7.72,70.3,24.649999999999995,28.8,42.83750000000001,109.0,42.18571428571429,13.15,18.28333333333333,36.7,183.0,442.0,29.9,20.7,47.7,31.95,24.2,24.05,387.0,23.28695652173913,19.050000000000004,51.79999999999999,7.46,36.3,10.7,13.6,16.85,60.3,38.73684210526316,31.5,28.8,61.5,81.8,47.95,51.35,29.11666666666666,22.3,97.8,62.98032786885246,14.37,61.0,15.0,35.1,10.349999999999998,11.75,22.600000000000005,19.375,224.0,193.0,24.1,9.44,26.35,8.54,10.0,13.65,19.05,8.2,18.133333333333333,57.1,116.625,13.9,49.7,67.5,18.15,91.96030534351142,33.96250000000001,94.9,150.5,36.65,55.3,8.82,105.5,60.79999999999999,72.2,425.5,35.55,212.0,15.95,195.0,187.375,92.4,257.25,41.4,86.15000000000002,37.3,35.5,33.45,57.4,71.1,60.7,70.4,29.85,536.0,20.15,55.6,382.5,250.5,33.6,11.5,161.5,37.17631578947368,85.61999999999998,43.2,130.10416666666666,96.6,289.0,61.95,227.0,43.5,11.0,98.4125,278.5,346.5,16.5,15.95,54.9,47.7875,9.291666666666666,20.05,13.3,24.0,12.183333333333332,11.2,19.1,15.860869565217392,210.25,2870.0,102.5,11.4,70.9,86.9,14.091666666666667,76.5,49.45
74.8,9.059827586206897,30.15,30.65,14.266666666666666,271.5,27.0,53.4,105.5,180.0,7.7200000000000015,70.375,24.6,28.866666666666664,42.825,109.0,42.2,13.175,18.25,36.8,183.0,442.0,29.9,20.7,47.7,31.95,24.2,24.1,386.0,23.297169811320753,19.096739130434784,52.0,7.452999999999999,36.35,10.75,13.6,16.85,60.23333333333333,38.70555555555556,31.55,28.8,61.4,81.8,47.96,51.4,29.116666666666664,22.3,97.8,62.88837209302325,14.35,60.90833333333333,15.0,35.05833333333333,10.4,11.75,22.6,19.4,224.5,193.0,24.1,9.44,26.3,8.54,10.035,13.65,19.05,8.190928571428572,18.1,57.1,116.83333333333331,13.903125,49.62000000000001,67.5,18.15,91.89487179487179,34.0,94.90000000000002,150.5,36.6,55.3,8.82,105.0,60.86,72.2,426.5,35.65,211.5,15.95,195.15,187.5,92.3,257.0,41.4,86.2,37.35,35.5,33.4,57.36666666666667,71.1,60.75,70.4,29.85,536.375,20.15,55.6,382.5,250.75,33.55,11.504545454545456,161.5,37.18571428571429,85.6,43.21041666666667,130.5,96.6,289.0,61.90000000000001,226.5,43.5,11.0,98.40909090909092,278.5,346.5,16.5,15.949999999999998,54.895,47.8,9.285283018867924,20.090000000000003,13.35,24.0,12.2,11.22272727272727,19.131818181818183,15.85,210.125,2865.0,102.5,11.4,70.9,86.90000000000002,14.050000000000002,76.39999999999998,49.45
74.8,9.06,30.200000000000006,30.65,14.25,271.5,26.95,53.4,105.5,180.0,7.73,70.3,24.649999999999995,28.8,42.83750000000001,109.0,42.160526315789475,13.15,18.25,36.7,183.0,442.0,29.9,20.7,47.7,31.95,24.2,24.05,387.0,23.2842105263158,19.066666666666666,52.0,7.45,36.3,10.716666666666667,13.65,16.8125,60.3,38.75,31.55,28.8,61.40909090909091,81.7,47.95,51.4,29.119607843137256,22.3,97.8,62.906451612903226,14.37,60.96666666666667,15.0,35.05,10.35,11.75,22.550000000000004,19.375,224.0,193.0,24.09,9.45,26.300000000000004,8.530909090909091,10.0,13.65,19.05,8.200983606557378,18.10217391304348,57.1,116.5,13.9,49.7,67.33333333333333,18.14818181818182,91.84782608695652,33.96250000000001,94.9,150.75,36.6,55.2,8.82,105.25,60.79999999999999,72.2,425.5,35.55,212.0,15.95,195.0,187.375,92.4,257.25,41.4,86.10000000000002,37.3,35.45,33.45,57.31999999999999,71.1,60.8,70.4,29.850000000000005,537.0,20.15,55.6,382.5,250.5,33.575,11.5,161.5,37.16,85.60312499999998,43.25,130.12,96.6047619047619,288.5,61.95,226.5,43.4,11.0,98.43636363636364,278.5,346.5,16.5,15.949999999999998,54.9,47.79262295081968,9.289285714285716,20.1,13.3,24.0,12.2,11.2125,19.13611111111111,15.85,210.5,2861.666666666666,102.5,11.366666666666667,70.8,86.9,14.092857142857142,76.5,49.4
74.8,9.06,30.149999999999995,30.65,14.266666666666666,271.5,26.96666666666667,53.4,105.5,180.0,7.73,70.22142857142858,24.6,28.866666666666664,42.85,109.0,42.15,13.175,18.25,36.8,183.0,441.5,29.85,20.65,47.7,31.9625,24.2,24.1,386.0,23.25,19.094680851063835,51.51333333333334,7.440900900900901,36.35,10.7,13.6,16.85,60.36666666666665,38.766666666666666,31.5,28.78833333333333,61.41666666666666,81.8,47.95,51.35714285714285,29.1,22.3,97.59999999999998,62.84,14.35,61.0,15.0,35.05,10.35,11.743478260869566,22.55,19.4,224.5,193.0,24.1,9.44,26.3,8.54,10.035,13.65,19.05,8.180128205128206,18.1,57.1,116.875,13.91875,49.62000000000001,67.4,18.15,91.63076923076922,33.95,94.9,150.75,36.6,55.3,8.82,105.25,60.9,72.19999999999997,426.5,35.60454545454545,211.5,15.95,194.2,187.5,92.3,257.0,41.4,86.10000000000002,37.35,35.45,33.458333333333336,57.4,71.1,60.8,70.38000000000002,29.85,536.5,20.146875,55.58750000000001,382.5,250.75,33.6,11.5,161.66666666666666,37.2,85.65555555555557,43.25,130.44736842105266,96.63333333333333,288.5,62.0,226.5,43.4,11.0,98.40000000000003,278.5,346.5,16.540909090909093,16.0,54.9,47.8,9.285,20.06875,13.3,24.0,12.166666666666664,11.215,19.130000000000006,15.85,210.0,2865.0,102.5,11.352631578947367,70.9,86.9235294117647,14.050000000000002,76.39999999999998,49.45
74.8,9.07,30.200000000000006,30.65,14.25,271.5,26.95,53.4,105.5,180.0,7.72875,70.3,24.649999999999995,28.9,42.8,109.0,42.160526315789475,13.15,18.25,36.7,183.0,440.0,29.9,20.7,47.7,31.95,24.2,24.05,387.0,23.25,19.066666666666666,51.9,7.456309523809526,36.3,10.7,13.65,16.825000000000006,60.3,38.77333333333333,31.50714285714286,28.754166666666666,61.40000000000001,81.7,47.98571428571428,51.39999999999999,29.100000000000005,22.3,97.33333333333331,62.83043478260869,14.37,60.99333333333333,14.95,35.05,10.35,11.708,22.5625,19.3625,224.0,193.0,24.09,9.45,26.3,8.530909090909091,10.0,13.65,19.05,8.191388888888888,18.1,57.1,117.0,13.9,49.7,67.35,18.15,91.6,33.96153846153846,95.0,151.0,36.60000000000001,55.2,8.82,105.5,60.8,72.1,427.5,35.55,212.0,15.95,194.16666666666663,187.375,92.4,257.25,41.38333333333333,86.0,37.35,35.475,33.41875,57.31666666666666,71.1,60.83333333333334,70.4,29.850000000000005,536.0,20.15,55.6,382.5,250.5,33.575,11.5,161.8125,37.160714285714285,85.65333333333334,43.25601092896176,130.25862068965515,96.6,288.5,61.88,226.5,43.35,11.0,98.41428571428571,278.5,346.5,16.533333333333335,15.949999999999998,54.89999999999999,47.8,9.28,20.086111111111116,13.31875,24.0,12.2,11.233333333333334,19.103571428571428,15.85,210.1,2861.666666666666,102.5,11.35,70.83333333333333,86.9,14.092857142857142,76.4,49.45
74.8,9.06,30.149999999999995,30.65,14.266666666666666,271.5,26.95,53.4,105.5,180.0,7.73,70.3,24.6,28.866666666666664,42.8,109.0,42.1,13.175,18.25,36.8,183.0,441.5,29.85,20.65,47.7,31.95,24.2,24.1,386.0,23.237577639751553,19.065384615384616,51.9,7.465967741935482,36.35,10.7,13.6,16.807142857142857,60.36666666666665,38.71111111111111,31.5,28.78833333333333,61.30303030303031,81.7,47.95,51.475,29.1,22.3,97.55,62.87916666666666,14.35,61.0,15.0,35.05,10.35,11.7375,22.55,19.35,224.5,193.0,24.1,9.44,26.28870967741935,8.54,10.035,13.65,19.05,8.180128205128206,18.1,57.19000000000001,116.5,13.9,49.62000000000001,67.4,18.15,91.55333333333333,33.95,94.9,150.5,36.6,55.3,8.82,105.5,60.79999999999999,72.2,427.66666666666674,35.60454545454545,212.0,15.949999999999998,194.2,187.25,92.3,257.0,41.4,86.0,37.35,35.45,33.458333333333336,57.3,71.1,60.8,70.38000000000002,29.895454545454545,536.0,20.134782608695648,55.58750000000001,382.5,250.75,33.6,11.500233644859811,161.5,37.15263157894736,85.6,43.28,130.41666666666666,96.6,288.5,62.0,226.5,43.4,11.0,98.425,278.6,346.5,16.54,16.0,54.89999999999999,47.7875,9.288214285714286,20.08333333333333,13.3,24.0,12.15,11.25,19.12142857142857,15.85217391304348,210.0,2870.0,102.5,11.369117647058824,70.9,86.9235294117647,14.1,76.39999999999998,49.45
74.8,9.07,30.1,30.65,14.25,271.5,27.0,53.45,105.5,180.0,7.73,70.3,24.6,28.9,42.8,109.0,42.1,13.15,18.25,36.7,183.0,440.0,29.9,20.7,47.7,31.95,24.2,24.05,387.0,23.2170731707317,19.063043478260873,51.83333333333334,7.45,36.3,10.7,13.65,16.85,60.3,38.76086956521739,31.525,28.8,61.3,81.7,47.95,51.45454545454545,29.129999999999995,22.3,97.35,62.80232558139535,14.396666666666668,61.0,14.95,35.05,10.35,11.716666666666667,22.55,19.35,224.0,193.0,24.09,9.44,26.3,8.530909090909091,10.033333333333333,13.68623188405797,19.05,8.191388888888888,18.1,57.15000000000001,116.6875,13.9,49.7,67.35,18.147058823529417,91.44583333333334,33.93888888888889,95.0,150.83333333333334,36.6,55.3,8.83,105.14285714285714,60.8,72.2,427.5,35.5,212.0,15.95,194.0,187.375,92.4,257.25,41.35,86.0,37.35,35.5,33.40833333333333,57.4,71.1,60.9,70.4,29.9,535.6,20.116666666666667,55.5,382.5,250.5,33.575,11.5,161.66666666666666,37.15,85.6,43.25,130.21428571428572,96.59999999999998,288.5,61.9,227.0,43.4,11.0,98.4125,278.1666666666667,346.5,16.539583333333333,15.949999999999998,54.9,47.82352941176471,9.29,20.055555555555557,13.31875,24.0,12.189473684210524,11.248,19.105555555555558,15.88846153846154,210.0,2861.666666666666,102.5,11.366666666666667,70.8,86.9,14.1,76.4,49.4
74.8,9.062857142857146,30.149999999999995,30.65,14.266666666666666,271.5,26.95,53.4,105.5,180.0,7.73,70.3,24.6,28.866666666666664,42.8,109.0,42.1,13.175,18.25,36.8,183.0,441.5,29.85,20.65,47.70833333333334,31.95,24.2,24.050000000000004,386.0,23.241666666666664,19.052272727272726,51.83333333333334,7.459,36.325,10.7,13.605,16.85,60.36666666666665,38.721875,31.5,28.78833333333333,61.29999999999999,81.8,47.95,51.45,29.1,22.3,97.3,62.75714285714286,14.4,61.05,15.0,35.06666666666666,10.366666666666667,11.75,22.55,19.35,224.5,192.75,24.1,9.44,26.288235294117648,8.54,10.035,13.65,19.05,8.180128205128206,18.1,57.16666666666668,116.66666666666669,13.95,49.62000000000001,67.2235294117647,18.15,91.525,33.95,94.9,150.5,36.6,55.209090909090904,8.82,105.5,60.79999999999999,72.13636363636364,428.0,35.5,212.0,15.949999999999998,194.33333333333331,187.25,92.3,257.0,41.35,86.025,37.35,35.5,33.40833333333333,57.36666666666667,71.03846153846153,60.9,70.38000000000002,29.895454545454545,536.0,20.1,55.58750000000001,382.5,250.5,33.575,11.5,161.5,37.15,85.50689655172413,43.24117647058824,130.45652173913044,96.6,288.5,61.9,226.5,43.4,11.046875,98.41666666666669,278.25,346.4444444444445,16.525,15.964285714285715,54.9,47.85,9.29090909090909,20.071428571428573,13.3,24.0,12.199999999999998,11.25,19.1,15.85,210.0,2870.0,102.5,11.383333333333333,70.83333333333333,87.0,14.1,76.39999999999998,49.45
74.8,9.06,30.112500000000004,30.65,14.25,271.5,26.975,53.45,105.5,180.0,7.73,70.3,24.6,28.9,42.79999999999999,109.0,42.1,13.2,18.3,36.7,183.0,440.0,29.9,20.7,47.75,31.95,24.2,24.05,387.0,23.201219512195124,19.0525,51.9,7.45,36.3,10.75,13.635714285714286,16.825000000000006,60.35,38.71875,31.525,28.8,61.3,81.7,47.95,51.46,29.114285714285717,22.3,97.3,62.71052631578947,14.400000000000002,61.04,15.05,35.0611111111111,10.4,11.716666666666667,22.55,19.35,224.0,193.0,24.18333333333333,9.447142857142856,26.300000000000004,8.530909090909091,10.033333333333333,13.65,19.05,8.2,18.1,57.2,117.0,13.925,49.7,67.4,18.147058823529417,91.5,33.9375,95.1,150.75,36.65,55.29999999999999,8.83,105.33333333333331,60.81999999999999,72.1,427.5,35.5,212.0,15.95,194.4,187.375,92.4,257.25,41.3,86.0,37.35,35.5,33.40833333333333,57.3,71.1,60.8,70.4,29.866666666666664,536.0,20.1,55.5,382.5,250.5,33.6,11.5,161.57142857142858,37.154166666666654,85.58999999999997,43.22291666666667,130.13636363636363,96.59999999999998,288.5,61.92,227.0,43.35,11.0,98.4,278.1666666666667,346.0,16.54468085106383,15.95,54.95333333333333,47.85000000000001,9.281521739130431,20.05,13.35,24.0,12.189473684210524,11.25,19.1375,15.88846153846154,210.0,2870.0,102.5,11.4,70.9,86.90000000000002,14.085714285714285,76.4,49.45
74.7,9.062857142857146,30.149999999999995,30.65,14.266666666666666,271.5,26.95,53.4,106.0,180.0,7.730000000000001,70.3,24.6,28.866666666666664,42.8,109.0,42.1,13.175,18.25,36.8,183.0,441.5,29.85,20.65,47.75,31.95,24.15,24.050000000000004,386.0,23.20882352941177,19.115090090090085,51.9,7.45,36.325,10.7,13.625,16.84675324675325,60.36666666666665,38.7,31.5,28.78833333333333,61.31666666666666,81.8,47.95,51.5,29.1,22.3,97.40000000000002,62.61333333333334,14.4,61.05,15.0,35.06666666666666,10.4,11.742857142857144,22.55,19.360000000000007,224.5,193.0,24.149999999999995,9.44,26.3,8.53,10.035,13.692372881355931,19.05,8.2,18.1,57.16666666666668,117.0,13.95,49.62000000000001,67.2235294117647,18.15,91.525,33.975,95.0,150.5,36.65,55.209090909090904,8.82,105.5,60.9,72.05882352941177,428.0,35.5,212.0,15.95,194.5,187.25,92.3,257.0,41.3,86.0,37.3,35.49090909090909,33.40833333333333,57.35,71.03846153846153,60.9,70.38000000000002,29.85,535.8,20.1,55.58750000000001,382.0,250.5,33.575,11.539130434782608,161.0,37.15,85.5,43.223076923076924,130.4,96.7,288.5,61.86666666666667,226.5,43.4,11.008064516129034,98.40000000000002,278.0,346.5,16.51111111111111,15.964285714285715,55.0,47.823076923076925,9.296774193548387,20.096875000000004,13.35,24.025,12.2,11.216666666666667,19.136363636363637,15.85,210.0,2870.0,102.58333333333331,11.4,70.83333333333333,86.93999999999998,14.1,76.4,49.39285714285714
74.8,9.06,30.15,30.65,14.25,271.625,27.0,53.4,105.75,180.0,7.72,70.3,24.65,28.9,42.75,109.0,42.135714285714286,13.2,18.2,36.7,183.5,440.0,29.85,20.65,47.75,31.95,24.2,24.05,387.0,23.244444444444447,19.131967213114752,51.75,7.45,36.3,10.7,13.635714285714286,16.868750000000002,60.35,38.665625,31.525,28.8,61.39166666666666,81.7,47.95,51.49090909090909,29.125,22.3,97.4,62.600000000000016,14.4,61.04,15.05,35.0611111111111,10.4,11.75,22.55,19.35,224.0,193.0,24.18333333333333,9.443333333333333,26.300000000000004,8.53,10.033333333333333,13.687878787878788,19.0625,8.2,18.09444444444445,57.2,116.75,13.9,49.7,67.4,18.1,91.63809523809523,33.95,95.1,150.5,36.65,55.3,8.83,105.5,60.81428571428571,71.97777777777776,427.5,35.55,212.0,15.95,194.4,187.375,92.33333333333331,257.25,41.3,86.0,37.35,35.5,33.4,57.35,71.13333333333333,60.9,70.4,29.850000000000005,535.0,20.15,55.5,382.0,251.16666666666663,33.6,11.5,161.25,37.175,85.6,43.25,130.26666666666668,96.6,288.5,61.9,227.0,43.35,11.0,98.4,278.3333333333333,346.5,16.5,16.0,55.0,47.835714285714296,9.282352941176471,20.050000000000004,13.35,24.0,12.199999999999998,11.25,19.15,15.85,210.0,2870.0,102.5,11.378571428571426,70.9,86.9,14.085714285714285,76.4,49.33333333333334
74.7,9.07,30.2,30.65,14.266666666666666,271.5,26.95,53.4,106.0,180.0,7.73,70.3,24.6,28.866666666666664,42.8,109.0,42.1,13.175,18.25,36.8,183.5,441.5,29.85,20.65,47.76,31.95,24.2,24.050000000000004,386.0,23.25,19.113333333333333,51.85,7.441296296296296,36.325,10.7,13.625,16.87727272727273,60.5,38.6,31.508333333333336,28.78833333333333,61.4,81.7,47.95,51.5,29.1,22.3,97.1,62.62413793103449,14.4,60.99333333333333,15.0,35.06666666666666,10.4,11.7,22.55,19.35,224.5,193.0,24.149999999999995,9.44,26.29814814814815,8.540993377483442,10.035,13.69903846153846,19.05,8.21,18.1,57.18333333333334,116.75,13.95,49.62000000000001,67.35,18.1,91.68,33.975,95.1,150.5,36.65,55.3,8.82,105.5,60.9,71.9,428.0,35.5,212.0,15.95,194.5,187.5,92.3,257.0,41.3,86.0,37.3,35.45,33.45,57.38571428571429,71.03846153846153,60.9,70.38000000000002,29.883333333333336,535.2,20.14444444444445,55.60000000000001,380.75,251.0,33.575,11.5,161.2,37.15555555555555,85.6,43.25,130.5,96.59999999999998,288.5,61.648,226.5,43.4,11.046875,98.41333333333334,278.0,346.5,16.5,16.0,55.0,47.85,9.289473684210527,20.053571428571434,13.3,24.0,12.175,11.225,19.116666666666667,15.85,210.0,2870.0,102.66666666666669,11.35,70.9,86.89999999999998,14.1,76.4,49.4
74.7,9.07,30.15,30.6,14.25,271.5,26.95666666666667,53.4,106.0,180.0,7.72,70.3,24.65,28.9,42.75,109.0,42.10000000000001,13.2,18.2,36.7,183.5,440.0,29.85,20.7,47.75,32.0,24.2,24.05,387.0,23.25,19.11730769230769,51.9,7.44,36.3,10.7,13.6,16.9,60.65000000000001,38.65,31.525,28.8,61.3,81.7,47.95,51.55714285714286,29.1,22.3,97.4,62.63333333333333,14.4,60.9,15.05,35.0611111111111,10.4,11.75,22.55,19.3625,224.0,193.0,24.15,9.443333333333333,26.299999999999994,8.53,10.033333333333333,13.694642857142856,19.1,8.193650793650793,18.1,57.2,116.58333333333331,13.907142857142858,49.75,67.32857142857142,18.1,91.7,33.95,95.1,150.5,36.65,55.3,8.81,105.0,60.8,71.92500000000003,427.5,35.535714285714285,212.0,15.95,195.0,187.375,92.33333333333331,257.25,41.35,86.0,37.4,35.5,33.458333333333336,57.35,71.13333333333333,60.9,70.4,29.850000000000005,535.5,20.1,55.5,382.0,251.16666666666663,33.6,11.5,161.125,37.15,85.53125,43.23703703703704,130.22727272727272,96.5,288.5,61.7,227.0,43.35,11.019230769230768,98.40000000000002,278.0,346.5,16.54074074074074,16.0,54.99090909090909,47.85000000000001,9.288809523809524,20.05,13.3,24.025,12.161111111111113,11.203846153846152,19.145,15.869000000000002,210.0,2870.0,102.66666666666669,11.3525,70.9,86.9,14.1,76.4,49.39999999999999
74.7,9.07,30.2,30.6,14.266666666666666,271.5,26.95,53.4,105.66666666666669,180.0,7.73,70.3,24.6,28.866666666666664,42.8,109.0,42.1,13.2,18.25,36.8,183.5,441.5,29.85,20.65,47.75,31.95,24.2,24.050000000000004,386.0,23.25,19.102325581395352,51.9,7.44,36.325,10.7,13.625,16.85,60.50952380952381,38.65,31.5,28.78833333333333,61.35,81.7,47.96666666666667,51.575,29.1,22.3,97.59999999999998,62.65333333333333,14.4,60.96666666666667,15.0,35.06666666666666,10.35,11.7,22.55,19.35,224.5,193.0,24.149999999999995,9.44,26.32142857142857,8.540993377483442,10.035,13.65,19.05,8.2,18.062962962962967,57.2,116.66666666666669,13.95,49.75,67.35,18.1,92.05853658536587,33.975,95.2,150.75,36.65,55.3,8.82,105.54850746268656,60.9,71.9,428.0,35.5,212.0,15.95,195.0,187.5,92.3,256.5,41.35,86.0,37.3,35.45,33.5,57.375,71.03846153846153,60.9,70.38000000000002,29.850000000000005,535.5,20.15,55.6,380.75,251.0,33.6,11.5,161.4375,37.15,85.6,43.2375,130.27118644067798,96.59999999999998,288.5,61.83333333333334,226.5,43.3,11.0,98.42142857142859,278.0,346.5,16.525,16.0,55.0,47.85,9.284117647058824,20.066666666666666,13.3,24.0,12.175,11.25,19.141037735849054,15.85,210.0,2870.0,102.66666666666669,11.351428571428572,70.9,86.90833333333335,14.1,76.4,49.48636363636364
74.7,9.07,30.149999999999995,30.6,14.25,271.5,27.0,53.4,106.0,180.0,7.72,70.3,24.65,28.9,42.75,109.0,42.09166666666667,13.15,18.2,36.683333333333344,183.5,440.0,29.9,20.7,47.75,31.95,24.2,24.05,387.0,23.2030303030303,19.1,51.9,7.44,36.35,10.7,13.6,16.900000000000002,60.56666666666666,38.6875,31.5,28.850000000000005,61.31999999999999,81.7,47.95,51.585714285714296,29.149999999999995,22.3,97.6,62.6,14.4,60.9,15.0,35.0,10.35,11.7125,22.55,19.35,224.0,193.0,24.15,9.44,26.3,8.53,10.033333333333333,13.65,19.1,8.19,18.1,57.2,117.0,13.9,49.75,67.4,18.133333333333333,92.27011494252875,33.95,95.1,150.75,36.65,55.3,8.81,105.5,60.8,71.89545454545456,427.5,35.535714285714285,212.0,15.95,194.9333333333333,187.375,92.4,257.0,41.3,86.0,37.4,35.45,33.5,57.29999999999999,71.07058823529411,60.8,70.3,29.85,535.0,20.125,55.5,380.5,251.16666666666663,33.6,11.5,161.6,37.154545454545456,85.58181818181819,43.20526315789475,130.28125,96.5,288.5,61.9,227.0,43.35,11.0,98.48333333333332,278.0,346.5,16.53214285714286,16.0,55.0,47.8765625,9.284230769230767,20.083333333333336,13.3,24.0,12.175,11.25,19.11730769230769,15.85,210.0,2870.0,102.66666666666669,11.349999999999998,70.81666666666666,86.9875,14.092857142857142,76.4,49.50568181818182
74.7,9.06,30.15,30.6,14.266666666666666,271.5,26.95,53.4,105.66666666666669,180.0,7.72,70.31666666666666,24.6,28.866666666666664,42.8,109.0,42.1,13.2,18.25,36.8,183.5,441.5,29.9,20.65,47.75,31.95,24.2,24.050000000000004,386.0,23.24,19.09950495049505,51.9,7.44,36.35,10.7,13.635714285714286,16.8625,60.50952380952381,38.5611111111111,31.5,28.78833333333333,61.4,81.7,47.96,51.61666666666667,29.15,22.3,97.6,62.67058823529413,14.4,60.9,15.05,35.06666666666666,10.358333333333333,11.7,22.55,19.35,224.5,193.0,24.149999999999995,9.44,26.311206896551727,8.540993377483442,10.035,13.65,19.1,8.19,18.1,57.2,117.0,13.9,49.75,67.4,18.1,92.16363636363636,33.975,95.2,151.04347826086956,36.69,55.3,8.82,105.0,60.9,71.8,428.0,35.5,212.0,15.949999999999998,195.3,187.0,92.3,256.5,41.35,86.0,37.3,35.45,33.5,57.33333333333334,71.03846153846153,60.9,70.3,29.87857142857143,535.6,20.1,55.7,380.75,250.5,33.6,11.5,161.7,37.13703703703704,85.60000000000002,43.2,130.27777777777777,96.59999999999998,288.0,61.85,226.5,43.35,11.008333333333333,98.4,278.0,346.5,16.533333333333335,16.0,55.0,47.898888888888884,9.284117647058824,20.07857142857143,13.3,24.025,12.2,11.25,19.133333333333336,15.85,210.0,2870.0,102.66666666666669,11.35,70.9,86.94999999999997,14.1,76.3,49.5
74.7,9.07,30.2,30.6,14.25,271.5,27.0,53.48571428571428,106.0,180.0,7.72,70.3,24.65,28.9,42.75,109.0,42.05,13.15,18.25,36.683333333333344,183.5,440.0,29.9,20.7,47.75,31.95,24.2,24.05,387.0,23.25,19.104545454545452,51.9,7.4297272727272725,36.35,10.692391304347826,13.65,16.9,60.47000000000001,38.564285714285724,31.5,28.89,61.4,81.7,47.96250000000001,51.66666666666666,29.133333333333336,22.3,97.5,62.62857142857143,14.4,60.975,15.0,35.0,10.35,11.7125,22.55,19.366666666666667,224.0,193.0,24.1,9.44,26.35,8.55,10.05,13.65,19.09,8.19,18.1,57.2,117.0,13.9,49.75,67.34,18.13888888888889,91.98888888888888,33.945,95.1,151.375,36.6875,55.25,8.82,105.5,60.8,71.8,427.5,35.5,212.0,15.95,194.83333333333331,187.375,92.36,257.0,41.3,86.0,37.4,35.45,33.5,57.39999999999999,71.07058823529411,60.9,70.5,29.850000000000005,536.0,20.1375,55.65000000000001,380.5,251.16666666666663,33.55,11.504545454545456,161.75,37.115625,85.6,43.2,130.33333333333334,96.5,288.5,61.84000000000001,227.0,43.39166666666667,11.0,98.4,278.0,346.5,16.539583333333333,16.0,55.0,47.9,9.280909090909091,20.05,13.3,24.0,12.15,11.25,19.133333333333333,15.883333333333333,210.0,2870.0,102.75,11.354761904761903,70.9,87.0,14.05,76.4,49.5
74.7,9.07,30.15,30.65,14.266666666666666,272.0,26.95,53.4,105.75,180.0,7.72,70.3,24.7,28.866666666666664,42.75,109.0,42.05,13.2,18.25,36.8,183.5,441.5,29.9,20.65,47.75,31.95,24.2,24.050000000000004,387.5,23.2125,19.11379310344828,51.9,7.424705882352941,36.35,10.681818181818182,13.6,16.9,60.50952380952381,38.50909090909091,31.5,28.85,61.3,81.7,47.95,51.70000000000001,29.15,22.3,97.1,62.65,14.4,60.9,15.05,35.0,10.358333333333333,11.7,22.55,19.35,224.5,193.0,24.2,9.44,26.35,8.55,10.05,13.65,19.05,8.19,18.091666666666672,57.2,116.72727272727272,13.9,49.75,67.3,18.1,92.01875,33.95,95.2,151.04347826086956,36.69,55.2,8.82,105.25,60.9,71.8,428.0,35.5,212.0,15.95,195.4,187.0,92.3,256.5,41.35,86.0,37.3,35.45,33.55,57.4,71.03846153846153,60.9,70.3,29.85,535.6,20.103271028037387,55.6,380.75,250.5,33.583333333333336,11.50344827586207,161.625,37.1,85.52916666666665,43.20131578947369,130.33333333333334,96.5,288.5,61.85,227.0,43.35,11.0,98.4,278.0,346.5,16.5,16.0,55.0,47.89999999999999,9.282857142857145,20.1,13.3,24.0,12.15,11.25,19.141666666666666,15.85,210.0,2870.0,103.0,11.4,70.88000000000002,87.0,14.1,76.3,49.557462686567156
74.7,9.06,30.2,30.6,14.25,272.0,27.0,53.48571428571428,106.0,180.0,7.725,70.4,24.7,28.9,42.75,109.0,42.1,13.15,18.233333333333334,36.683333333333344,183.5,441.0,29.946296296296296,20.7,47.76000000000001,32.0,24.2,24.05,387.0,23.20555555555556,19.103571428571428,51.88333333333333,7.429999999999999,36.35,10.7,13.625,16.9,60.4,38.55,31.55,28.85,61.30833333333333,81.7,47.95,51.65000000000001,29.1875,22.3,97.4,62.6375,14.4,61.0,15.0,35.0,10.35,11.7,22.55,19.399999999999995,224.0,193.0,24.1,9.45,26.35,8.55,10.05,13.65,19.09,8.19,18.1,57.2,116.66666666666669,13.9,49.75,67.3,18.13888888888889,92.3,33.95,95.13333333333333,151.5,36.7,55.2,8.83,105.5,60.81428571428571,71.86666666666666,427.5,35.5,212.0,16.0,195.5,187.0,92.36,257.0,41.3,85.9,37.39999999999999,35.45,33.5,57.4,71.07058823529411,60.9,70.5,29.85,536.0,20.10227272727273,55.6,380.5,250.5,33.6,11.50625,161.625,37.12222222222223,85.56818181818181,43.19041095890412,130.4,96.6,288.5,62.0,227.0,43.4,11.0,98.41111111111113,278.0,346.5,16.536666666666665,16.0,55.0,47.88666666666666,9.280909090909091,20.05327868852459,13.3,24.0,12.2,11.199999999999998,19.11379310344828,15.883333333333333,210.0,2870.0,103.0,11.363333333333335,70.9,87.0,14.1,76.31666666666666,49.62391304347826
74.7,9.07,30.15,30.65,14.266666666666666,272.0,26.95,53.3,105.5,180.0,7.72,70.3,24.7,28.85,42.75,109.0,42.05,13.2,18.25,36.8,183.5,441.5,29.995,20.691666666666666,47.75,31.95,24.2,24.050000000000004,387.5,23.2,19.1,51.9,7.424705882352941,36.35,10.699999999999998,13.6,16.900000000000002,60.50952380952381,38.6,31.55,28.78863636363636,61.3,81.7,47.9,51.66,29.2,22.3,97.5,62.64117647058824,14.4,60.98,15.05,35.0,10.35,11.7,22.55,19.35,224.5,193.5,24.2,9.44,26.35,8.55,10.05,13.65,19.05,8.1975,18.100000000000005,57.27499999999999,116.72727272727272,13.9,49.75,67.3,18.15,92.17272727272729,33.95,95.2,151.33333333333334,36.7,55.225,8.82,105.0,60.81176470588235,71.8,428.0,35.5,212.0,15.95,195.38888888888889,187.0,92.3,256.5,41.35,85.9,37.3,35.45,33.50833333333333,57.46,71.03846153846153,60.9,70.3,29.85,535.3333333333334,20.15,55.62000000000001,379.0,250.5,33.583333333333336,11.522222222222224,161.8,37.13928571428572,85.57777777777777,43.15,130.5,96.59999999999998,288.5,61.93333333333334,226.5,43.35,11.000520833333333,98.40000000000002,278.3333333333333,346.5625,16.5,16.0,55.0,47.9,9.283478260869568,20.05,13.3,24.0,12.15,11.248571428571427,19.14987745098039,15.85,210.0,2870.0,103.0,11.353658536585364,70.9,86.92,14.1,76.3,49.7
74.7,9.07,30.15,30.6,14.25,271.8333333333333,27.0,53.3,105.5,180.0,7.725,70.4,24.69545454545454,28.9,42.8,109.0,42.1,13.183333333333332,18.233333333333334,36.683333333333344,183.5,441.0,30.0,20.7,47.75,31.95,24.2,24.05,387.0,23.25,19.1,51.94,7.43,36.35,10.7,13.625,16.891935483870967,60.4,38.63333333333333,31.55,28.78333333333333,61.3,81.7,47.93333333333334,51.66363636363636,29.25576923076923,22.3,97.525,62.60000000000001,14.4,61.0,15.0,35.0,10.39,11.7,22.55,19.399999999999995,224.0,193.0,24.1,9.446666666666664,26.350000000000005,8.55,10.05,13.65,19.09,8.191666666666665,18.110000000000007,57.2,117.0,13.9,49.75,67.35,18.13888888888889,92.0,33.95,95.2,151.0,36.7,55.2,8.83,105.5,60.90000000000001,71.81818181818181,427.5,35.5,212.0,16.0,195.0,187.0,92.36,257.0,41.35,85.81764705882355,37.41875,35.45,33.5,57.4,71.11666666666666,60.9,70.5,29.85,536.0,20.15,55.6,380.5,250.5,33.575,11.5,161.5,37.114285714285714,85.59999999999998,43.133536585365846,130.0,96.6,288.5,61.9,227.0,43.4,11.0,98.40714285714287,278.5,347.0,16.544827586206893,16.0,54.985294117647065,47.88870967741936,9.281666666666666,20.05,13.3,24.0,12.2,11.25,19.15,15.855555555555556,210.0,2870.0,103.0,11.35,70.9,86.93125,14.1,76.31666666666666,49.6875
74.7,9.073333333333332,30.15,30.65,14.266666666666666,272.0,26.9,53.3,105.5,180.0,7.72,70.3,24.7,28.85,42.75,109.0,42.1,13.2,18.25,36.8,183.5,441.5,30.0,20.7,47.75,31.95,24.2,24.050000000000004,387.5,23.25,19.1,51.98333333333333,7.43,36.35,10.699999999999998,13.616666666666667,16.900000000000002,60.3,38.502857142857145,31.55,28.78863636363636,61.3,81.7,47.91666666666666,51.70000000000001,29.3,22.3,97.5,62.70000000000001,14.4,61.0,15.05,35.0,10.35,11.7,22.55,19.4,224.5,193.5,24.2,9.44,26.35,8.55,10.05,13.65,19.05,8.191351351351349,18.1,57.27499999999999,117.0,13.9,49.775,67.4,18.1,92.19670329670328,33.96666666666667,95.16,151.33333333333334,36.65,55.2,8.82,105.5,60.81176470588235,71.9,428.0,35.45,212.0,15.95,195.5,187.0,92.3,256.5,41.35,85.7,37.45,35.45,33.550000000000004,57.4,71.03846153846153,60.9,70.3,29.85,536.0,20.12857142857143,55.53333333333333,379.0,250.5,33.6,11.5,161.7,37.117,85.59545454545456,43.19090909090909,130.475,96.5,288.5,61.9,226.5,43.35,11.0,98.40000000000002,278.5,347.0755813953488,16.5,15.95,55.0,47.86874999999999,9.286176470588234,20.05,13.3,24.0,12.175,11.248387096774195,19.14553571428572,15.89,210.0,2870.0,102.5,11.396666666666668,70.9,86.91666666666669,14.1,76.4,49.65
74.7,9.07,30.15,30.65,14.25,272.0,26.9,53.3,105.5,180.0,7.72,70.4,24.69545454545454,28.9,42.775,109.0,42.1,13.183333333333332,18.2,36.683333333333344,183.5,441.0,30.0,20.7,47.6,31.95,24.19,24.05,387.5,23.25,19.1,51.89999999999999,7.431666666666667,36.35,10.7,13.625,16.900000000000002,60.4,38.5,31.55161290322581,28.8,61.3,81.7,47.93888888888889,51.7,29.290000000000006,22.3,97.56666666666666,62.70526315789475,14.4,61.0,15.0,35.0,10.39,11.7,22.55,19.375,224.0,194.0,24.1,9.446666666666664,26.3375,8.55,10.05,13.65,19.05652173913043,8.19,18.1,57.2,116.5,13.9,49.75,67.2,18.1,92.69856115107912,33.95,95.12,151.25,36.69772727272728,55.20000000000001,8.83,105.5,60.89999999999999,71.9,427.5,35.57777777777777,212.0,16.0,195.5,187.0,92.36666666666667,257.0,41.35,85.8,37.464285714285715,35.45,33.5,57.4,71.11666666666666,60.9,70.4,29.85,536.0,20.15,55.5,380.5,250.5,33.6,11.5,161.66666666666666,37.15,85.59999999999998,43.198717948717956,130.125,96.6,288.5,61.82000000000001,226.5,43.4,11.0,98.4,278.5,347.5,16.53965517241379,16.0,55.0,47.89999999999999,9.285238095238094,20.097222222222218,13.3,24.0,12.1625,11.25,19.11756756756757,15.9,210.0,2870.0,103.0,11.353125,70.9,86.95,14.05,76.31666666666666,49.65
74.7,9.08,30.200000000000006,30.65,14.266666666666666,271.875,26.9,53.3,105.5,180.0,7.72,70.30000000000001,24.7,28.85,42.75,109.0,42.02777777777778,13.2,18.25,36.8,183.5,441.5,30.0,20.7,47.75,31.95,24.2,24.050000000000004,387.5,23.226470588235287,19.14324324324324,51.9,7.410235602094241,36.35,10.7,13.642857142857142,16.902678571428574,60.3,38.5,31.6,28.786363636363635,61.35454545454545,81.7,47.95000000000001,51.7,29.25,22.325000000000006,97.59999999999998,62.75833333333333,14.4,61.0,15.05,35.0,10.4,11.7,22.56111111111111,19.4,224.5,193.5,24.2,9.44,26.3,8.55,10.05,13.65,19.05,8.188571428571429,18.096153846153847,57.27499999999999,116.57142857142857,13.95,49.775,67.3,18.1,92.79999999999998,33.95,95.1,151.0,36.7,55.20000000000001,8.82,105.25,60.94,71.8,428.0,35.45,212.0,15.975,195.33333333333331,187.0,92.3,256.5,41.35,85.8,37.5,35.45,33.5,57.4,71.2,60.9,70.3,29.85,536.0,20.1,55.5,379.0,250.5,33.55,11.516666666666667,161.625,37.14999999999999,85.6,43.19137931034483,130.38461538461542,96.5,288.5,61.9,226.5,43.48333333333333,11.0,98.41818181818181,278.5,347.78571428571433,16.5,15.95,55.0,47.88913043478261,9.2825,20.065384615384616,13.3,24.0,12.15,11.25,19.15,15.89,210.0,2870.0,103.0,11.4,70.81538461538463,87.0,14.1,76.4,49.66666666666666
74.7,9.08,30.15,30.6,14.25,272.0,26.9,53.3,105.5,180.0,7.72,70.4,24.75,28.9,42.75,109.0,42.05,13.2,18.2,36.683333333333344,183.5,441.0,29.95,20.7,47.6,31.95,24.19,24.05,387.0,23.25,19.104166666666668,51.85,7.42,36.35,10.7,13.6,16.95,60.2,38.475,31.575000000000006,28.8,61.33333333333334,81.7,47.925,51.64,29.254166666666666,22.3,97.6,62.73142857142857,14.4,60.988888888888894,15.0,34.95,10.35,11.7,22.58333333333333,19.375,224.0,194.0,24.1,9.446666666666664,26.321903323262838,8.55,10.05,13.65,19.05,8.19875,18.1,57.3,116.8,13.95,49.745,67.3,18.1,92.78965517241379,33.95,95.12,151.16666666666666,36.683333333333344,55.1,8.83,105.5,61.0,71.8,427.5,35.57777777777777,212.0,15.95,195.5,187.0,92.36666666666667,257.0,41.325,85.5,37.45,35.5,33.5,57.39999999999999,71.11666666666666,60.8,70.4,29.87272727272727,535.8333333333334,20.11111111111111,55.5,380.5,250.5,33.6,11.5,161.83333333333334,37.15,85.59999999999998,43.18,130.09375,96.58571428571429,288.5,61.85999999999999,226.5,43.5,11.0,98.4,278.75,347.625,16.543181818181818,16.0,54.988,47.875,9.286363636363637,20.066666666666666,13.3,24.0,12.1625,11.25,19.147916666666664,15.884375,210.0,2870.0,103.0,11.3625,70.9,86.9,14.1,76.35,49.675
74.7,9.08,30.200000000000006,30.65,14.266666666666666,271.875,26.9,53.29999999999999,105.5,180.0,7.72,70.30000000000001,24.785714285714285,28.85,42.8,109.0,42.025,13.2,18.25,36.8,183.5,441.5,29.9125,20.7,47.75,31.95,24.2,24.05,387.5,23.25526315789474,19.11764705882353,51.9,7.42,36.35,10.7,13.642857142857142,16.914285714285715,60.3,38.5,31.6,28.786363636363635,61.325,81.7,47.95,51.688888888888904,29.25,22.3,97.5,62.73333333333332,14.4,61.0,15.05,35.0,10.4,11.7,22.575000000000006,19.35,224.5,193.5,24.1,9.44,26.35,8.55,10.05,13.65,19.05,8.19142857142857,18.1,57.2,116.57142857142857,13.95,49.775,67.3,18.1,92.8,33.95,95.1,151.27777777777774,36.7,55.2,8.82,105.5,60.94,71.8,428.0,35.55,212.0,15.95,195.5,187.0,92.3,256.5,41.35,85.2046511627907,37.45,35.45,33.5,57.4,71.2,60.96666666666667,70.3,29.856250000000006,536.2222222222222,20.146153846153844,55.5,379.0,250.5,33.6,11.5,161.5,37.16666666666666,85.64324324324323,43.2,130.5,96.5,288.5,62.0,226.5,43.45,11.0,98.4,278.5,347.5,16.5,16.0,55.0,47.90000000000001,9.28,20.055,13.3,24.0,12.15,11.202631578947368,19.15394736842105,15.854918032786884,210.0,2870.0,103.0,11.355,70.82857142857144,86.93333333333334,14.1,76.4,49.66666666666666
74.75,9.08,30.15,30.649999999999995,14.25,272.0,26.9,53.3,105.5,180.0,7.72,70.4,24.76875,28.9,42.75,109.0,42.05,13.2,18.225,36.683333333333344,183.5,441.0,29.9,20.7,47.8,31.95,24.19,24.05,387.0,23.300000000000004,19.15,51.875,7.419999999999999,36.35,10.699999999999998,13.616666666666667,16.95,60.2,38.5,31.55,28.800000000000004,61.4,81.7,47.91666666666666,51.72592592592592,29.2,22.3,97.53333333333336,62.74615384615384,14.4,61.0,15.05,34.95,10.4,11.7,22.58333333333333,19.375,224.0,193.5,24.1,9.446666666666664,26.320000000000004,8.55,10.05,13.65,19.043750000000006,8.2,18.1,57.29999999999999,117.0,13.95,49.75,67.2,18.15,92.82614379084964,33.95,95.2,151.0,36.7,55.2,8.83,105.5,61.0,71.85,427.5,35.57777777777777,212.0,15.95,195.5,187.0,92.36666666666667,257.0,41.33750000000001,85.47999999999998,37.45,35.45,33.50833333333333,57.4,71.2,61.0,70.4,29.85,536.75,20.14375,55.5,380.5,250.5,33.58750000000001,11.5,161.7,37.15,85.68823529411766,43.19000000000001,130.5,96.6125,288.5,61.9,226.5,43.45,11.01236559139785,98.4,278.6,347.54166666666674,16.540476190476188,16.0,54.97727272727273,47.89999999999999,9.280909090909091,20.06,13.3,24.0,12.159302325581395,11.25,19.128571428571426,15.855882352941176,210.0,2870.0,102.5,11.371666666666668,70.9,86.9,14.1,76.3,49.675
74.7,9.080588235294117,30.200000000000006,30.7,14.266666666666666,272.0,26.9,53.3,105.5,180.0,7.72,70.30000000000001,24.75,28.85,42.8,108.83333333333331,42.0,13.2,18.25,36.8,184.0,441.5,29.899999999999995,20.7,47.75,31.95,24.2,24.05,387.5,23.25092592592593,19.116666666666667,51.9,7.42037037037037,36.35,10.7,13.642857142857142,16.9,60.3,38.16088709677419,31.6,28.759302325581398,61.4,81.6,47.95,51.786486486486474,29.25,22.295,97.6,62.75384615384615,14.4,61.0,15.05,35.0,10.4,11.7,22.55,19.35,224.5,193.5,24.1,9.443333333333333,26.35,8.55,10.05,13.65,19.05,8.2,18.1,57.29999999999999,117.0,13.949999999999998,49.775,67.26666666666667,18.15,93.02047781569965,33.95,95.1,151.0,36.7,55.2,8.82,105.5,60.9,71.8,428.0,35.55,211.5,15.995454545454544,195.92857142857144,187.0,92.3,256.5,41.35,85.2046511627907,37.45,35.45,33.5,57.45,71.1,61.0,70.4,29.85,537.0,20.113333333333333,55.5,379.0,250.5,33.6,11.5,161.6,37.15,85.63846153846154,43.155263157894744,130.13793103448276,96.66666666666669,288.48076923076917,61.70000000000001,226.5,43.45,11.0,98.41666666666669,278.6666666666667,348.0,16.5,16.0,55.0,47.89999999999999,9.280625,20.05294117647059,13.3,23.950000000000006,12.2,11.23,19.15,15.9,210.0,2870.0,103.0,11.383333333333333,70.8,86.92,14.1,76.4,49.65
74.75,9.09,30.15,30.7,14.25,272.0,26.9,53.3,105.5,180.0,7.72,70.4,24.75,28.9,42.8,108.91666666666669,42.05,13.2,18.225,36.683333333333344,183.5,440.5,29.9,20.7,47.8,31.95,24.2,24.05,387.0,23.3,19.1,52.0,7.446086956521738,36.31923076923077,10.7,13.65,16.904166666666665,60.2,38.475,31.575000000000006,28.795,61.29999999999999,81.7,47.94,51.9,29.25,22.3,97.6,62.73125,14.449999999999998,60.971428571428575,15.05,34.95,10.4,11.699999999999998,22.58333333333333,19.375,224.0,193.5,24.1,9.446666666666664,26.35,8.55,10.05,13.65,19.05,8.2,18.1,57.29999999999999,116.75,13.925,49.75,67.3,18.15,93.2,33.95,95.2,151.0,36.7,55.25,8.83,105.5,60.9076923076923,71.8,427.5,35.525,212.0,15.95,196.0,187.0,92.4,257.0,41.4,85.47999999999998,37.35,35.46666666666667,33.51428571428571,57.45,71.2,61.0,70.4,29.85,537.0,20.1,55.6,380.5,250.5,33.6,11.5,161.72222222222226,37.15,85.68823529411766,43.14999999999999,130.22222222222223,96.6125,288.5,61.85,227.0,43.45,11.048557692307694,98.4,278.94444444444446,347.875,16.548,16.0,55.0,47.886486486486476,9.280384615384618,20.05,13.3,23.975,12.188095238095238,11.24375,19.156849315068488,15.855882352941176,210.0,2870.0,102.5,11.349999999999998,70.8,86.90769230769232,14.1,76.3,49.675
74.7,9.085,30.200000000000006,30.7,14.25,272.5,26.9,53.3,105.5,180.0,7.72,70.5,24.8,28.9,42.8,108.83333333333331,42.03333333333333,13.2,18.2,36.8,184.0,440.75,29.899999999999995,20.75,47.75,31.95,24.2,24.05,387.5,23.270000000000003,19.110526315789475,51.975,7.42,36.3,10.7,13.605,16.904545454545453,60.3,38.5,31.58333333333333,28.75,61.33333333333334,81.6,47.975,51.89999999999999,29.2,22.295,97.59999999999998,62.73333333333333,14.45,60.9,15.02,35.0,10.35,11.7,22.55,19.35,224.5,193.0,24.1,9.443333333333333,26.35,8.55,10.05,13.7,19.05,8.2,18.15,57.3,116.55,13.916666666666664,49.775,67.3,18.12777777777778,93.16969696969696,33.95,95.1,151.0,36.7,55.2,8.82,105.5,60.93333333333334,71.82000000000002,428.0,35.55,211.5,15.995454545454544,195.91666666666663,187.0,92.3,256.5,41.35,85.93846153846155,37.45,35.45,33.5,57.4,71.125,61.0,70.4,29.825000000000006,537.0,20.13888888888889,55.6,379.0,250.5,33.6,11.5,161.5,37.15,85.7,43.2,130.33333333333334,96.7,289.0,62.0,226.5,43.45,11.0,98.4,278.9761904761905,347.8,16.527272727272727,16.0,55.0,47.89999999999999,9.285238095238096,20.05,13.3,23.95,12.2,11.22,19.12272727272727,15.85,210.0,2870.0,103.0,11.390625,70.82499999999997,86.92,14.1,76.4,49.65
74.75,9.08,30.15,30.8,14.25,272.25,26.9,53.4,105.5,180.5,7.72,70.4,24.8,28.875,42.8,108.5,42.0,13.2,18.225,36.683333333333344,183.5,440.5,29.9,20.7,47.8,31.95,24.2,24.05,387.0,23.3,19.135135135135137,52.0,7.435,36.31923076923077,10.699999999999998,13.65,16.899999999999995,60.2,38.5,31.575000000000006,28.771428571428572,61.3,81.7,47.971428571428575,51.92,29.25,22.28333333333333,97.6,62.74545454545455,14.45,60.9,15.0,34.95,10.4,11.699999999999998,22.58333333333333,19.37142857142857,224.0,192.9642857142857,24.1,9.44181818181818,26.35,8.55,10.05,13.65,19.05,8.2,18.125,57.25,116.5,13.925,49.75,67.25,18.15,93.20786516853931,33.95,95.2,151.0,36.75833333333333,55.25,8.82,105.5,60.9076923076923,71.8,427.5,35.55,212.0,15.95,195.5,187.5,92.4,257.0,41.4,86.0,37.4,35.46666666666667,33.55,57.45,71.13333333333334,61.0,70.5,29.85,537.0,20.105813953488365,55.6,380.5,250.5,33.6,11.5,161.52777777777774,37.14999999999999,85.7,43.15952380952381,130.0,96.6125,288.5,61.9,227.0,43.5,11.045833333333334,98.38333333333334,278.9852941176471,348.0,16.53409090909091,16.0,55.0,47.95,9.280625,20.1,13.3,23.95,12.2,11.202358490566036,19.15,15.9,210.0,2870.0,103.0,11.35,70.83749999999998,86.92857142857143,14.050000000000002,76.3,49.7
74.7,9.09,30.200000000000006,30.7,14.25,272.5,26.9,53.3,105.5,180.0,7.72,70.5,24.8,28.85,42.8,109.0,42.0,13.15,18.2,36.8,184.0,440.75,29.899999999999995,20.75,47.75,31.95,24.2,24.05,387.5,23.25,19.15,52.0,7.419999999999999,36.3,10.7,13.608333333333334,16.886666666666667,60.3,38.5,31.590000000000003,28.8,61.36,81.60000000000002,47.9,52.0,29.2,22.3,97.5,62.73333333333333,14.45,60.9,14.95,35.0,10.35,11.75,22.55,19.35,224.5,192.0,24.1,9.45,26.35,8.536875,10.05,13.65,19.05,8.2,18.132142857142856,57.3,116.75,13.925,49.775,67.3,18.146875,93.32095238095242,33.95,95.0,151.0,36.75,55.3,8.82,105.0,60.96666666666667,71.8,428.0,35.6,211.5,16.0,195.9,187.0,92.3,256.5,41.4,86.0,37.4,35.45,33.50833333333333,57.4,71.2,61.0,70.4,29.875,536.8181818181819,20.125,55.6,379.0,250.5,33.575,11.510526315789473,161.375,37.16666666666666,85.68571428571428,43.1525,130.39655172413794,96.60434782608696,289.0,61.95,227.0,43.45,11.047058823529413,98.29999999999998,279.0,347.75,16.548000000000002,16.0,55.0,47.921428571428564,9.285333333333332,20.07857142857143,13.322222222222226,23.98333333333333,12.2,11.207142857142856,19.145,15.85,210.0,2870.0,103.0,11.4,70.8,86.92500000000003,14.1,76.4,49.65
74.75,9.09,30.149999999999995,30.8,14.25,272.5,26.9,53.35,105.5,180.5,7.72,70.2,24.850000000000005,28.875,42.775,108.5,42.0,13.175,18.225,36.683333333333344,184.0,440.5,29.9,20.725,47.8,31.95,24.2,24.05,387.0,23.25,19.146527777777774,51.95,7.420000000000001,36.31923076923077,10.699999999999998,13.65,16.85625,60.22500000000001,38.45,31.55,28.771428571428572,61.3,81.7,47.9,51.964285714285715,29.25,22.28333333333333,97.5,62.72000000000001,14.45,61.0,15.0,35.0,10.4,11.747826086956522,22.55,19.35,224.0,191.7142857142857,24.1,9.446666666666664,26.32142857142857,8.55,10.05,13.65,19.05,8.209655172413793,18.1,57.3,117.0,13.933333333333332,49.75,67.21111111111111,18.1,93.26382978723406,33.95,95.2,151.0,36.715,55.2,8.82,105.5,60.9076923076923,71.83333333333333,427.5,35.55,212.0,16.0,195.5,187.5,92.4,257.0,41.4,86.0,37.45,35.45,33.5,57.45,71.26666666666667,60.96666666666667,70.5,29.85,536.2,20.121052631578944,55.6,380.5,250.5,33.6,11.5,161.0,37.15,85.69000000000003,43.16541095890411,130.28571428571428,96.6125,288.5,61.93333333333334,226.54545454545453,43.5,11.005555555555556,98.32,279.0,347.4210526315789,16.54642857142857,16.05,55.0,47.93846153846154,9.280491803278688,20.06,13.3,23.95,12.208333333333336,11.2,19.15,15.9,210.0,2870.0,103.0,11.35,70.8,86.975,14.099193548387095,76.3,49.65
74.8,9.08,30.149999999999995,30.7,14.25,272.5,26.9,53.3,106.0,180.0,7.72,70.5,24.85740740740741,28.85,42.8,109.0,42.05,13.15,18.2,36.8,184.0,440.75,29.9,20.75,47.75,31.95,24.15,24.05,387.5,23.2,19.15,52.0,7.419999999999999,36.325,10.7,13.650000000000002,16.900000000000002,60.3,38.45,31.6,28.8,61.39166666666667,81.60000000000002,47.9,52.0,29.266666666666666,22.3,97.56666666666666,62.61428571428571,14.45,60.9,15.0,35.0,10.35,11.75,22.55,19.35,224.5,190.83333333333331,24.1,9.4475,26.35,8.531,10.05,13.65,19.05,8.2,18.1375,57.35,116.75,13.95,49.775,67.3,18.120588235294115,93.05087719298244,33.95,95.2,151.0,36.61057692307692,55.3,8.82,105.5,61.0,71.8,428.0,35.6,211.5,16.0,195.5,187.01724137931038,92.275,256.5,41.4,85.9,37.425,35.5,33.50833333333333,57.422222222222224,71.2,61.0,70.4,29.85,536.3333333333334,20.116666666666667,55.6,379.0,250.5,33.55,11.504347826086958,161.33333333333334,37.1,85.7,43.19166666666667,130.08333333333334,96.6,289.0,62.0,227.0,43.45,11.0,98.3,279.0,347.5,16.5,16.05,54.97916666666666,47.90967741935484,9.27181818181818,20.1,13.3,23.95,12.215909090909092,11.2375,19.15,15.855769230769232,210.0,2870.0,103.0,11.35,70.83333333333333,86.92500000000003,14.1,76.4,49.65
74.75,9.090625,30.15,30.8,14.25,272.5,26.9,53.35,105.5,180.33333333333331,7.72,70.5,24.866666666666664,28.875,42.8,108.5,42.1,13.15,18.225,36.683333333333344,184.0,440.5,29.899999999999995,20.7,47.8,31.95,24.2,24.05,387.0,23.22,19.164864864864864,51.95,7.4499502487562195,36.35,10.699999999999998,13.648888888888893,16.9,60.22500000000001,38.465384615384615,31.600000000000005,28.8,61.35,81.58333333333331,47.94333333333334,52.0125,29.25,22.28333333333333,97.55,62.65454545454545,14.4,60.95,15.0,35.0,10.35625,11.747826086956522,22.55,19.35,224.0,190.5,24.100000000000005,9.45,26.30416666666667,8.53,10.05,13.654166666666667,19.05,8.209655172413793,18.15,57.3,116.66666666666669,13.949999999999998,49.75,67.21111111111111,18.1,92.96428571428572,33.95,95.1,151.0,36.7,55.3,8.82,105.5,60.9076923076923,71.8,427.5,35.55,212.0,15.984375,195.66666666666663,186.32,92.4,257.0,41.45,86.0,37.45,35.45,33.5,57.39999999999999,71.26666666666667,61.0,70.5,29.85,536.1666666666666,20.15,55.6,380.5,250.5,33.55,11.504545454545456,161.0,37.10189873417721,85.7,43.19375000000001,130.00581395348834,96.6,289.0,62.0,227.0,43.5,11.016666666666666,98.3,279.3125,347.16666666666674,16.544,16.05,55.0,47.89999999999999,9.27,20.1,13.3,23.991666666666664,12.242857142857144,11.207142857142856,19.15,15.9,210.0,2870.0,102.5,11.35,70.85,86.9,14.099193548387095,76.3,49.7
74.8,9.1,30.149999999999995,30.8,14.25,272.5,26.9,53.3,105.5,180.5,7.72,70.5,24.82857142857143,28.85,42.8,109.0,42.05,13.15,18.2,36.8,184.0,440.75,29.9,20.75,47.75,31.95,24.15,24.05,387.5,23.2,19.1525,52.0,7.45,36.325,10.7,13.623333333333333,16.896875,60.3,38.45,31.6,28.8,61.4,81.60000000000002,47.9,52.11818181818182,29.25,22.25,97.6,62.625,14.45,60.96666666666667,15.0,35.0,10.35,11.75,22.55,19.35,224.5,190.5,24.1,9.44,26.35,8.533333333333333,10.05,13.675,19.05,8.203999999999999,18.15,57.35,116.64285714285714,13.925,49.775,67.3,18.1,92.86818181818182,33.95,95.2,151.0,36.61057692307692,55.33466666666667,8.82,105.5,61.0,71.8,428.0,35.6,212.0,16.0,195.5,186.0,92.275,256.5,41.45,85.9,37.425,35.475,33.464285714285715,57.4,71.2,61.0,70.4,29.855357142857148,536.6666666666666,20.107142857142858,55.625,379.0,250.5,33.55,11.5,161.0,37.1,85.7,43.17666666666667,130.4230769230769,96.59999999999998,289.0,61.93333333333334,227.0,43.4,11.0,98.3,279.1666666666667,347.0,16.541666666666668,16.0,55.0,47.903125,9.271666666666668,20.077777777777783,13.3,23.95,12.25,11.25,19.1625,15.855769230769232,210.0,2870.0,103.0,11.35,70.85,86.90000000000002,14.1,76.4,49.65
74.75,9.1,30.2,30.8,14.25,272.5,26.9,53.35,105.5,180.33333333333331,7.7200000000000015,70.5,24.85,28.9,42.8,109.0,42.1,13.15,18.225,36.683333333333344,183.75,440.5,29.899999999999995,20.7,47.75,31.95,24.2,24.05,387.0,23.2171875,19.19183673469388,52.0,7.442,36.35,10.704545454545457,13.652000000000005,16.9,60.22500000000001,38.39,31.6,28.8,61.35,81.58333333333331,47.9,52.16285714285715,29.25,22.25,97.59999999999998,62.65,14.4,60.9,14.95,35.0,10.35625,11.75,22.55,19.35,224.0,191.33333333333331,24.1,9.45,26.3125,8.532,10.05,13.65,19.05,8.209655172413793,18.116666666666667,57.4,117.0,13.9,49.75,67.21111111111111,18.15,92.84444444444445,33.95,95.1,151.0,36.7,55.36666666666667,8.82,105.5,60.9076923076923,71.7,427.0,35.55,212.0,16.0,195.16666666666663,185.06521739130437,92.4,257.0,41.45,85.8,37.4,35.45,33.45,57.39999999999999,71.26666666666667,61.0,70.5,29.85,536.5,20.1,55.6,380.5,250.5,33.583333333333336,11.533333333333333,161.0,37.07291666666666,85.68536585365854,43.158823529411755,130.21428571428572,96.6,289.0,61.95,227.0,43.5,11.044444444444444,98.3,279.0,347.25,16.522222222222222,16.05,55.0,47.95,9.276428571428571,20.085714285714285,13.3,23.95,12.242857142857144,11.244444444444444,19.139090909090907,15.877272727272727,209.5,2870.0,103.0,11.35,70.85,86.9,14.099193548387095,76.3,49.65833333333333
74.8,9.1,30.149999999999995,30.8,14.25,272.5,26.899999999999995,53.3,105.5,180.75,7.72,70.5,24.85,28.9,42.8,109.0,42.05,13.15,18.2,36.8,183.5,440.75,29.9,20.7,47.75,31.95,24.15,24.05,387.5,23.2,19.15,52.0,7.44,36.325,10.699999999999998,13.65,16.869999999999994,60.3,38.45,31.55,28.800000000000004,61.398148148148145,81.56666666666666,47.9,52.20000000000001,29.3,22.25,97.35,62.62857142857143,14.45,60.9,15.0,35.0,10.350471698113207,11.75,22.55,19.35,224.5,190.5,24.1,9.44,26.3,8.53,10.05,13.65,19.05,8.203999999999999,18.1,57.35,116.51176470588236,13.95,49.775,67.2,18.1,92.89333333333336,33.95,95.1,151.0,36.7,55.33714285714286,8.82,105.5,60.9,71.70714285714288,428.0,35.6,212.2692307692308,16.0,195.0,185.125,92.275,256.5,41.4,85.8,37.433333333333344,35.475,33.45,57.4,71.2,61.0,70.4,29.85,536.6666666666666,20.1,55.65000000000001,379.0,251.0,33.6,11.5,161.3125,37.07608695652174,85.64324324324325,43.194285714285705,130.44,96.59999999999998,289.0,61.957142857142856,227.0,43.5,11.0,98.30833333333334,278.75,347.33333333333326,16.5,16.0,55.06551724137931,47.93333333333333,9.27095238095238,20.05,13.3,23.95,12.25,11.2125,19.15,15.854545454545455,210.0,2870.0,103.0,11.358333333333334,70.875,87.0,14.1,76.4,49.65
74.8,9.09,30.2,30.775,14.25,272.5,26.9,53.35,105.5,180.33333333333331,7.72,70.5,24.83333333333333,28.85,42.8,109.0,42.1,13.15,18.225,36.683333333333344,183.75,440.5,29.899999999999995,20.7,47.75,31.95,24.2,24.0,387.0,23.2,19.154147465437788,51.988888888888894,7.449999999999998,36.35,10.7,13.6625,16.9,60.22500000000001,38.49,31.55,28.8,61.4,81.58333333333331,47.9,52.2989010989011,29.25,22.25,97.5,62.61500000000001,14.4,61.0,14.95,35.0,10.35,11.735714285714286,22.54,19.360000000000007,224.0,190.5,24.1,9.45,26.35,8.532,10.05,13.65,19.05,8.21,18.140384615384615,57.3,116.5,13.916666666666664,49.75,67.21111111111111,18.134375,92.9375,33.95,95.1,151.0,36.7,55.38,8.82,105.5,60.9076923076923,71.7,427.0,35.5,213.0,16.0,195.25,185.5,92.4,257.0,41.45,85.8,37.45,35.46666666666667,33.45,57.4,71.25,61.0,70.5,29.825,537.0,20.145,55.7,380.5,250.5,33.55833333333333,11.5,161.3125,37.06785714285714,85.68799999999997,43.18666666666668,130.3,96.7,289.0,61.99090909090909,227.0,43.5,11.05,98.30588235294115,278.5,347.0,16.522222222222222,16.05,55.0969696969697,47.95,9.278703703703703,20.075000000000006,13.3,23.9875,12.2375,11.22,19.15,15.85,209.5,2870.0,103.0,11.4,70.85,86.9,14.15,76.3,49.6
74.8,9.09,30.2,30.8,14.25,272.5,26.899999999999995,53.3,105.5,181.0,7.72,70.5,24.85,28.9,42.8,109.0,42.0,13.2,18.2,36.8,183.5,440.75,29.9,20.75,47.75,31.95,24.207446808510642,24.0,387.5,23.2,19.15,52.0,7.45,36.325,10.722222222222221,13.7,16.883333333333333,60.20000000000001,38.5,31.55,28.8,61.5,81.56666666666666,47.9,52.22000000000001,29.25,22.25,97.5,62.64545454545456,14.45,60.93333333333334,15.0,34.95,10.350471698113207,11.75,22.55,19.4,224.5,191.0,24.1,9.44,26.3,8.531,10.025,13.65,19.05,8.21,18.1,57.35,116.5,13.9,49.775,67.26666666666667,18.15,92.95,33.95,95.1,151.0,36.7,55.4,8.82,105.0,60.94,71.75882352941177,428.0,35.6,212.2692307692308,15.95,195.25,185.5,92.275,256.5,41.4,85.8,37.433333333333344,35.45,33.4,57.4,71.2,61.0,70.4,29.8,536.875,20.14848484848485,55.65000000000001,379.0,251.0,33.6,11.5,161.1,37.075,85.70000000000002,43.18125,130.08536585365854,96.7,289.0,62.0,227.0,43.4,11.0,98.3,278.6666666666667,347.2,16.547619047619047,16.0,55.09500000000001,47.93214285714286,9.273478260869565,20.1,13.3,23.96666666666667,12.226923076923075,11.247727272727273,19.14583333333333,15.85357142857143,209.75,2870.0,103.0,11.35,70.8,86.9,14.1,76.4,49.6
74.8,9.09,30.2,30.8,14.25,272.5,26.95,53.25714285714286,105.5,181.0,7.7200000000000015,70.3,24.83333333333333,28.85,42.8,109.0,42.05,13.15,18.225,36.683333333333344,183.75,440.5,29.899999999999995,20.7,47.75,31.95,24.2,24.0,387.0,23.23125,19.15,51.975,7.45090909090909,36.35,10.75,13.6625,16.9,60.3,38.55,31.575000000000006,28.8,61.5,81.5,47.92999999999999,52.31948051948051,29.25,22.25,97.6,62.64545454545455,14.4,60.9,14.95,35.0,10.35625,11.75,22.5,19.391666666666666,224.0,191.0,24.1,9.45,26.35,8.532,10.05,13.65,19.05,8.21,18.15,57.3,116.5,13.9,49.75,67.3,18.15,93.03958333333333,33.96666666666667,95.1,151.0,36.7,55.39333333333333,8.82,105.5,60.9076923076923,71.7,427.0,35.5,213.0,15.949999999999998,195.5,185.83333333333331,92.4,257.0,41.45,85.7,37.45,35.46666666666667,33.416666666666664,57.4,71.25,61.1,70.5,29.83,537.0,20.127777777777773,55.68571428571429,380.5,250.5,33.55,11.516666666666666,161.0,37.0586956521739,85.7,43.19363636363637,130.5,96.6,289.0,61.98,227.0,43.4,11.011538461538462,98.31,278.75,347.16666666666674,16.514285714285712,16.05,55.1,47.93484848484849,9.273181818181818,20.0625,13.3,23.988888888888887,12.25,11.25,19.15,15.85,210.0,2876.0,103.0,11.35,70.88571428571429,86.9,14.15,76.4,49.61666666666667
74.7,9.08,30.2,30.8,14.25,273.0,26.899999999999995,53.3,105.5,181.0,7.72,70.5,24.85,28.9,42.8,109.0,42.0,13.2,18.2,36.8,183.5,440.0,29.9,20.75,47.75,31.95,24.2,24.05,387.5,23.25,19.15,52.0,7.45,36.35,10.7,13.696666666666665,16.9,60.2,38.55,31.5625,28.8,61.551428571428566,81.6,47.944285714285705,52.39268292682927,29.25,22.25,97.25,62.60000000000001,14.4,60.975,15.0,34.95,10.366666666666667,11.75,22.55,19.357142857142858,224.5,191.0,24.1,9.44,26.35,8.53,10.025,13.65,19.05,8.21,18.125,57.4,116.5,13.916666666666664,49.85,67.26666666666667,18.14565217391304,93.37222222222222,33.95,95.04,151.0,36.7,55.38125,8.82,105.3,60.94,71.7,427.5,35.6,212.2692307692308,16.0,195.25,186.0,92.26666666666668,256.5,41.45,85.8,37.433333333333344,35.45,33.4,57.48571428571428,71.3,61.1,70.4,29.8,537.6666666666666,20.1375,55.65000000000001,379.0,250.5,33.6,11.5,161.28125,37.088235294117645,85.69599999999998,43.17499999999999,130.21875,96.7,289.0,62.0,226.61111111111111,43.4,11.05,98.325,279.0,347.2,16.5,16.0,55.1,47.95,9.272857142857145,20.090000000000003,13.3,23.95,12.209375,11.2125,19.14583333333333,15.85,209.75,2878.333333333333,102.75,11.35,70.9,86.91333333333336,14.108333333333334,76.4,49.6
74.8,9.09,30.2,30.8,14.25,273.0,26.95,53.25714285714286,105.5,181.0,7.72,70.3,24.83333333333333,28.85,42.8,109.0,42.05,13.2,18.225,36.683333333333344,183.58333333333331,440.5,29.899999999999995,20.7,47.75,32.0,24.21,24.05,387.75,23.25,19.15,52.05,7.45,36.25,10.75,13.6625,16.9,60.29999999999999,38.54375,31.600000000000005,28.8,61.675,81.5,47.94166666666666,52.47391304347826,29.275,22.25,97.53333333333336,62.62857142857143,14.4,61.0,14.95,35.0,10.35625,11.7,22.55,19.4,224.0,191.5,24.1,9.45909090909091,26.344680851063828,8.531,10.05,13.65,19.05,8.201666666666666,18.15,57.3,116.5,13.9,49.75,67.3,18.130000000000006,93.32291666666669,33.96666666666667,95.1,151.0,36.71071428571429,55.4,8.82,105.5,60.91052631578947,71.7,427.0,35.5,213.0,16.0,195.5,185.83333333333331,92.4,257.0,41.45,85.7,37.45,35.475,33.416666666666664,57.4,71.25,61.1,70.5,29.8,537.8,20.1,55.6,380.5,251.5,33.55,11.5,161.2,37.104098360655726,85.70169491525424,43.15,130.2,96.7,289.0,61.975,227.0,43.4,11.008333333333333,98.3,279.0625,347.16666666666674,16.54655172413793,16.025,55.10000000000001,47.95,9.271176470588234,20.075,13.3,23.963636363636365,12.214285714285715,11.2,19.15,15.869230769230768,210.0,2876.0,103.0,11.35,70.82499999999997,87.0,14.15,76.4,49.6
74.7,9.0875,30.2,30.9,14.25,272.5,26.899999999999995,53.3,105.5,181.0,7.7196428571428575,70.5,24.85,28.9,42.8,109.0,42.025,13.2,18.2,36.8,183.5,440.0,29.9,20.7,47.75,31.95,24.2,24.05,387.5,23.25,19.13125,52.1,7.45,36.35,10.7,13.66,16.9,60.2,38.55,31.600000000000005,28.85,61.7,81.6,47.95,52.725806451612904,29.299,22.25,97.6,62.7,14.45,60.95454545454545,15.0,34.95,10.366666666666667,11.75,22.55,19.35,224.5,191.5,24.1,9.46081081081081,26.350000000000005,8.53,10.025,13.65,19.05,8.205,18.125,57.4,117.0,13.95,49.85,67.29375,18.15,93.23809523809523,33.95,95.15,150.5,36.690909090909095,55.38125,8.82,105.375,60.94,71.7,427.5,35.6,212.5,16.0,195.33333333333331,186.0,92.3,256.5,41.45,85.8,37.45,35.5,33.41875,57.45,71.3,61.1,70.4,29.805555555555557,538.0,20.1375,55.6,379.0,250.5,33.56666666666666,11.511538461538462,161.28571428571428,37.13333333333333,85.78750000000002,43.2,130.5,96.69,288.5,61.94,226.61111111111111,43.4,11.044117647058822,98.33157894736841,279.0,347.0,16.54642857142857,16.016666666666666,55.11333333333334,47.95000000000001,9.27,20.066666666666666,13.3,23.98333333333333,12.25,11.199999999999998,19.15,15.875,209.75,2878.333333333333,102.75,11.35925925925926,70.86666666666667,86.9,14.108333333333334,76.4,49.61111111111111
74.7,9.09,30.2,30.8,14.25,273.0,26.9,53.3,105.5,181.0,7.728518518518518,70.3,24.83333333333333,28.85,42.8,109.0,42.05,13.2,18.2,36.683333333333344,183.58333333333331,440.5,29.899999999999995,20.7,47.8,32.0,24.2,24.05,388.5,23.25,19.15,52.1,7.46,36.35,10.75,13.6625,16.8875,60.3,38.58750000000001,31.600000000000005,28.8,61.62,81.5,47.95,52.97564102564103,29.36464646464647,22.25,97.6,62.64166666666667,14.4,61.0,14.95,35.0,10.35625,11.75,22.55,19.358333333333334,224.0,191.5,24.1,9.45909090909091,26.350000000000005,8.53111111111111,10.05,13.65,19.05,8.21,18.1,57.3,116.5,13.91,49.85,67.3,18.13529411764706,93.27,33.96666666666667,95.2,150.5,36.7,55.46666666666667,8.82,105.5,60.89999999999999,71.8,427.5,35.5,213.0,16.025,195.0,186.0,92.4,257.0,41.425,85.85000000000002,37.425,35.475,33.40833333333333,57.4,71.25,61.1,70.4,29.8,538.0,20.146428571428565,55.63333333333333,380.5,250.5,33.6,11.5,161.125,37.13636363636363,85.73333333333333,43.18400000000001,130.07142857142858,96.7,288.5,62.0,227.0,43.4,11.0,98.3,279.3333333333333,347.0,16.513636363636365,16.0,55.16428571428572,47.943999999999996,9.275833333333333,20.072222222222226,13.3,23.975,12.214285714285715,11.2,19.2,15.85,210.0,2876.0,103.0,11.35,70.86666666666667,86.9,14.15,76.4,49.6
74.7,9.09,30.2,30.850000000000005,14.25,272.5,26.9,53.3,105.5,181.0,7.7196428571428575,70.5,24.8,28.9,42.775,109.0,42.1,13.175,18.2,36.8,183.5,440.0,29.9,20.75,47.75,31.95,24.2,24.05,387.5,23.25,19.1,52.1,7.455882352941178,36.35,10.740322580645161,13.66,16.9,60.3,38.54,31.55,28.899999999999995,61.671428571428564,81.55714285714284,47.96666666666667,53.02954545454546,29.435802469135805,22.25,97.6,62.60714285714285,14.45,60.96666666666667,15.0,34.95,10.354545454545452,11.75,22.55,19.35,224.5,192.0,24.15,9.46081081081081,26.35,8.532857142857143,10.006521739130434,13.65,19.05,8.202142857142857,18.110000000000007,57.4,116.66666666666669,13.95,49.825,67.24583333333332,18.15,93.2222222222222,33.95,95.15,150.5,36.7,55.48717948717949,8.82,105.5,60.93333333333334,71.73333333333333,427.5,35.52857142857142,212.0,16.0,195.3,185.75,92.4,256.5,41.45,85.8,37.45,35.45,33.41428571428572,57.44615384615385,71.3,61.1,70.4,29.8,538.0,20.108333333333334,55.61666666666667,379.0,250.5,33.56666666666666,11.510526315789473,161.38461538461542,37.12777777777777,85.69999999999997,43.2,130.14285714285714,96.65,288.5,62.0,226.61111111111111,43.4,11.05,98.3,279.0,347.0,16.54285714285714,16.016666666666666,55.2,47.93571428571428,9.276296296296298,20.08333333333333,13.300000000000002,23.98333333333333,12.207142857142856,11.233333333333334,19.15714285714285,15.875,209.75,2878.333333333333,103.0,11.386111111111115,70.86666666666667,86.9,14.15,76.4,49.6
74.7,9.09,30.2,30.9,14.25,273.0,26.9,53.3,105.5,181.0,7.723333333333334,70.3,24.83333333333333,28.85,42.75,109.0,42.1,13.2,18.2,36.683333333333344,183.58333333333331,440.5,29.9,20.75,47.8,32.0,24.2,24.05,388.5,23.25,19.15,52.05,7.45,36.35,10.78,13.695833333333333,16.89848484848485,60.3,38.6,31.55,28.9,61.70000000000001,81.5,47.95,53.07818181818182,29.63986013986014,22.3,97.6,62.6125,14.4,60.90000000000001,14.95,35.0,10.4,11.741666666666667,22.55,19.35,224.0,191.5,24.1,9.45909090909091,26.36232876712329,8.53,10.05,13.65,19.05,8.21,18.15,57.3,116.64285714285714,13.95,49.85,67.24615384615385,18.15,93.37386363636364,33.95,95.2,150.5,36.7,55.5,8.830000000000002,105.5,60.89999999999999,71.8,427.5,35.5,213.0,16.0,195.5,185.5,92.4,257.0,41.425,86.0,37.425,35.475,33.40833333333333,57.4,71.35,61.10000000000001,70.4,29.814285714285717,538.3548387096773,20.1,55.6,380.5,250.5,33.6,11.504545454545456,161.1,37.13333333333333,85.7,43.17647058823529,130.20833333333334,96.7,288.5,61.98,227.0,43.4,11.05,98.29999999999998,279.0,347.0,16.544,16.0,55.2,47.95,9.27,20.08125,13.3,23.96818181818181,12.25,11.217857142857142,19.2,15.85,210.0,2876.0,103.0,11.35,70.82499999999997,86.99090909090908,14.15,76.4,49.64166666666667
74.71000000000002,9.09,30.2,30.85,14.25,273.0,26.9,53.3,105.5,181.5,7.730000000000001,70.5,24.8,28.9,42.8,109.0,42.1,13.175,18.2,36.8,183.5,440.0,29.9,20.75,47.75,32.0,24.2,24.05,387.5,23.266129032258068,19.138461538461534,52.1,7.45,36.35,10.798969072164951,13.66,16.875,60.29999999999999,38.6,31.55,28.95,61.70000000000001,81.55714285714284,47.95,53.078571428571436,29.7,22.25,97.6,62.6,14.45,61.0,15.0,34.95,10.354545454545452,11.75,22.6,19.358333333333334,224.5,192.0,24.1,9.457,26.37857142857143,8.53111111111111,10.05,13.697619047619044,19.05,8.202931034482758,18.15,57.4,116.5,13.95,49.825,67.24583333333332,18.14583333333333,93.489898989899,33.95,95.2,150.5,36.7,55.5,8.82,106.0,60.92,71.76666666666667,427.5,35.52857142857142,213.0,16.0,195.25,185.75,92.3,256.5,41.425,86.0,37.4875,35.46666666666667,33.45,57.4,71.3,61.1,70.4,29.8,539.0,20.1,55.7,379.0,250.5,33.5625,11.514285714285714,161.23333333333332,37.14166666666666,85.59999999999998,43.2,130.08333333333334,96.68,288.5,61.98333333333333,226.61111111111111,43.4,11.025,98.30769230769229,279.0,347.0,16.547727272727272,16.0,55.2,47.94032258064517,9.273181818181817,20.066666666666666,13.3,23.9875,12.207142857142856,11.25,19.15,15.85,210.0,2880.0,103.0,11.35,70.9,86.90000000000002,14.15,76.3,49.65
74.7,9.09,30.2,30.8,14.25,273.0,26.9,53.3,106.0,182.0,7.723333333333334,70.3,24.8,28.85,42.75,109.0,42.1,13.15,18.2,36.683333333333344,183.58333333333331,440.5,29.9,20.75,47.8,32.0,24.2,24.1,389.0,23.25229357798165,19.15,52.06666666666666,7.439999999999999,36.35,10.785714285714288,13.675,16.90333333333333,60.3,38.56666666666667,31.55833333333333,28.950000000000006,61.7125,81.5,47.98571428571428,53.06666666666667,29.7375,22.3,97.7,62.63636363636365,14.4,60.92857142857143,14.95,35.0,10.4,11.702272727272724,22.55,19.35,224.0,192.0,24.1,9.45909090909091,26.4,8.53,10.05,13.65,19.05,8.21,18.15,57.3,117.0,13.9,49.79999999999999,67.24615384615385,18.15,93.50845070422535,33.95,95.2,150.5,36.7,55.5,8.830000000000002,105.66666666666669,61.0,71.765625,427.5,35.45,213.0,16.05,195.07142857142856,185.5,92.4,257.0,41.425,86.1,37.45,35.475,33.4,57.5,71.35,61.1,70.4,29.8,539.0,20.125,55.6,380.5,250.5,33.55,11.5,161.35,37.14047619047618,85.6125,43.20000000000001,130.22222222222223,96.7,288.5,61.975,227.0,43.4,11.05,98.31052631578949,279.0,347.0,16.54642857142857,16.0,55.20000000000001,47.982000000000006,9.27705882352941,20.05217391304348,13.307142857142859,23.95384615384615,12.25,11.2125,19.15,15.85,210.0,2876.0,103.0,11.35,70.8,86.98333333333332,14.10375,76.4,49.7
74.73333333333333,9.096,30.2,30.85,14.25,273.0,26.9,53.3,105.5,182.08333333333331,7.730000000000001,70.3,24.8,28.9,42.75,109.0,42.1,13.175,18.2,36.8,183.5,440.0,29.9,20.8,47.75,32.0,24.2,24.1,389.0,23.29375,19.110526315789475,52.02307692307693,7.450000000000001,36.35,10.8,13.66,16.90555555555555,60.29999999999999,38.55,31.6,28.95555555555555,61.73333333333333,81.5,47.95,52.88636363636362,29.717187499999994,22.25,97.66666666666669,62.63333333333334,14.4,60.922222222222224,15.0,34.95,10.354545454545452,11.706,22.6,19.366666666666667,224.5,192.0,24.1,9.457,26.399999999999995,8.531,10.05,13.657142857142858,19.05,8.202931034482758,18.148571428571426,57.4,117.0,13.95,49.825,67.3,18.15,93.46090909090908,33.975,95.2,150.5,36.7,55.5,8.82,106.0,60.92,71.7,427.5,35.45,213.0,16.0,195.3,186.0,92.3,256.5,41.425,86.03333333333335,37.5,35.5,33.40833333333333,57.410116731517505,71.27777777777777,61.1,70.4,29.8,539.8,20.15,55.6,379.0,250.5,33.6,11.5,161.16666666666666,37.142307692307696,85.6,43.2,130.27027027027026,96.65,288.0,61.957142857142856,227.0,43.4,11.044444444444444,98.3,279.0,347.0,16.54,16.025,55.2,47.96785714285715,9.273333333333332,20.1,13.300000000000002,23.96666666666667,12.25,11.25,19.15,15.85,210.0,2885.0,103.0,11.4,70.85,87.0,14.15,76.4,49.71666666666667
74.7,9.1,30.2,30.8,14.25,273.0,26.870000000000005,53.3,106.0,182.5,7.73,70.25,24.8,28.875,42.75,109.0,42.15,13.15,18.2,36.683333333333344,183.5,440.5,29.9,20.8,47.8,32.0,24.25,24.1,389.0,23.28125,19.15,52.1,7.45,36.35,10.8,13.675,16.9,60.3,38.60000000000001,31.55833333333333,28.95,61.75,81.5,47.96666666666667,52.9,29.63783783783784,22.25,97.8,62.61428571428571,14.4,60.95,14.95,35.0,10.4,11.75,22.55,19.35,224.0,192.0,24.15,9.45909090909091,26.375,8.532,10.05,13.68125,19.1,8.21,18.16944444444444,57.3,117.0,13.945454545454545,49.79999999999999,67.275,18.2,93.20769230769231,33.95,95.2,150.5,36.75,55.5,8.830000000000002,106.0,60.85,71.72857142857143,427.5,35.4,213.0,16.0,195.20833333333331,186.0,92.4,257.0,41.442307692307686,86.1,37.45,35.5,33.4,57.33368421052632,71.35,61.1,70.4,29.82142857142857,540.0,20.116666666666667,55.67999999999999,380.5,250.5,33.6,11.5,161.28571428571428,37.15,85.70000000000002,43.203571428571436,130.25,96.65,288.5,62.0,227.0,43.4,11.05,98.29999999999998,279.0,347.0,16.546153846153846,16.008333333333333,55.2,48.0,9.27090909090909,20.075000000000006,13.307142857142859,24.0,12.25,11.199999999999998,19.15,15.85,209.5,2885.0,103.0,11.376785714285715,70.9,86.98333333333332,14.1,76.4,49.725
74.73333333333333,9.09,30.16666666666667,30.85,14.25,272.8,26.9,53.3,105.5,182.0,7.730000000000001,70.22857142857143,24.8,28.9,42.75,109.0,42.1,13.175,18.2,36.8,183.5,440.0,29.9,20.8,47.75,32.0,24.2,24.1,389.0,23.253846153846155,19.110526315789475,52.2,7.450000000000001,36.35,10.8,13.7,16.9,60.29999999999999,38.68,31.595652173913045,28.95,61.8,81.5,47.95,52.844444444444434,29.600000000000005,22.3,97.8,62.6,14.4,60.96666666666667,15.0,34.95,10.35,11.75,22.6,19.35,224.5,192.0,24.1,9.457,26.4,8.53,10.05,13.65,19.1,8.202931034482758,18.2,57.4,116.5625,13.95,49.85,67.3,18.2,93.25714285714287,33.98333333333333,95.2,150.5,36.7,55.5,8.819629629629631,105.5,60.95,71.7,427.5,35.45,213.0,16.05,195.25,186.0,92.3,256.5,41.45,86.0,37.45,35.48999999999999,33.4,57.2,71.27777777777777,61.1,70.4,29.8,540.3030303030304,20.102941176470583,55.675,379.0,250.5,33.6,11.516666666666666,161.25,37.15,85.7,43.25,130.21875,96.7,288.0,62.0,227.0,43.4,11.000961538461537,98.29999999999998,279.2,347.0,16.5,16.025,55.164285714285725,48.0,9.27,20.050104166666667,13.3,23.975,12.211111111111109,11.25,19.15,15.85,210.0,2885.0,103.0,11.396875,70.9,86.9,14.119230769230768,76.4,49.75
74.7,9.1,30.2,30.85,14.25,273.0,26.9,53.3,106.0,182.0,7.73,70.25,24.8,28.875,42.7,109.0,42.11875,13.1,18.2,36.683333333333344,183.5,440.5,29.9,20.8,47.8,31.95,24.25,24.1,389.0,23.25,19.15,52.2,7.45,36.25,10.8,13.675,16.9,60.3,38.677777777777784,31.6,28.95,61.8,81.5,48.0,52.751351351351346,29.600000000000005,22.3,97.5,62.6076923076923,14.4,60.93333333333334,15.0,35.0,10.4,11.704545454545455,22.55,19.399999999999995,224.0,192.0,24.15,9.45,26.4,8.531666666666666,10.004950495049505,13.65,19.092857142857145,8.21,18.2,57.3,116.5,13.95,49.85000000000001,67.275,18.1625,93.26666666666668,33.95,95.2,150.5,36.75,55.5,8.82,106.0,60.85,71.65,427.5,35.4,213.0,16.05,195.20833333333331,186.0,92.4,257.0,41.45000000000001,86.1,37.46666666666667,35.5,33.41428571428571,57.2,71.2,61.05714285714286,70.36666666666667,29.80833333333333,541.0,20.1125,55.6,380.5,250.5,33.6,11.5,161.125,37.16785714285713,85.69999999999997,43.223076923076924,130.3181818181818,96.65,288.5,61.98,227.0,43.55,11.016666666666666,98.29999999999998,279.0,347.0,16.548076923076927,16.05,55.13734939759037,48.0,9.274444444444443,20.050476190476196,13.300000000000002,23.98333333333333,12.2375,11.245,19.2,15.85,209.5,2885.0,103.0,11.35,70.9,86.93333333333334,14.1,76.4,49.75
74.73333333333333,9.09,30.2,30.85,14.25,272.8,26.9,53.3,105.5,181.5,7.730000000000001,70.22857142857143,24.8,28.85,42.75,109.0,42.1,13.1,18.2,36.8,183.5,440.0,29.85,20.8,47.75,32.0,24.2,24.1,389.0,23.255000000000006,19.15,52.15000000000001,7.45,36.35,10.8,13.66,16.9,60.29999999999999,38.7,31.55,28.95,61.86272189349111,81.5,48.0,52.600000000000016,29.6,22.29615384615385,97.65,62.60000000000001,14.4,60.98333333333333,15.0,34.95,10.375,11.701190476190474,22.55,19.38888888888889,224.5,192.5,24.15,9.457,26.4,8.53375,10.05,13.65,19.1,8.2,18.2,57.4,117.0,13.9,49.85833333333333,67.3,18.2,93.195,33.95,95.2,150.5,36.75,55.5,8.819629629629631,105.875,60.95,71.6,427.5,35.44166666666667,213.0,16.05,195.0,186.0,92.36666666666667,256.5,41.5,86.0,37.46666666666667,35.45,33.45,57.2,71.2,61.1,70.4,29.8,541.5,20.14,55.675,379.0,250.5,33.583333333333336,11.5,161.42857142857142,37.18250000000001,85.67500000000003,43.22916666666666,130.15151515151516,96.7,288.0,61.971428571428575,227.0,43.4,11.0,98.29999999999998,279.0,347.5,16.5,16.0,55.10000000000001,47.975,9.278214285714283,20.075000000000006,13.3,23.996610169491525,12.2,11.25,19.2,15.855681818181818,210.0,2885.0,102.875,11.349999999999998,70.9,87.0,14.1,76.4,49.775
74.7,9.1,30.2,30.85,14.25,273.0,26.9,53.3,106.0,182.0,7.72,70.25,24.8,28.85,42.7,109.0,42.11875,13.1,18.2,36.683333333333344,183.5,440.5,29.9,20.8,47.8,31.95,24.25,24.1,389.0,23.25,19.15,52.15714285714286,7.456,36.25,10.75,13.691666666666668,16.9,60.3,38.69166666666667,31.6,28.95,61.97096774193549,81.5,48.01666666666667,52.6909090909091,29.555555555555557,22.3,97.7,62.6,14.4,61.0,15.05,35.0,10.35,11.716666666666667,22.55,19.4,224.0,192.5,24.15,9.45,26.364285714285717,8.531666666666666,10.004950495049505,13.65,19.1,8.2,18.2,57.3,117.0,13.95,49.9,67.275,18.2,93.20833333333331,33.95,95.2,150.0,36.745,55.5,8.82,105.66666666666669,60.9,71.6,427.5,35.4,213.0,16.05,195.20833333333331,186.0,92.4,257.0,41.45,86.0,37.45,35.48999999999999,33.48333333333333,57.2,71.3,61.0,70.4,29.8,542.0,20.14354838709677,55.625,380.5,250.5,33.6,11.5,161.21428571428572,37.15,85.65111111111112,43.215384615384615,130.2619047619048,96.7,288.5,61.96666666666667,227.0,43.55,11.012121212121212,98.3181818181818,279.25,347.0,16.59655172413793,16.0,55.0225,47.97045454545454,9.270178571428572,20.05,13.3,23.995,12.24375,11.2125,19.173076923076927,15.9,210.0,2885.0,102.75,11.35126050420168,70.86,86.9,14.1,76.4,49.7625
74.73333333333333,9.09,30.2,30.8,14.25,272.6,26.9,53.3,106.0,181.5,7.72,70.22857142857143,24.8,28.85,42.75,109.0,42.1,13.1,18.2,36.8,184.0,440.0,29.8,20.8,47.75,32.0,24.2,24.1,389.0,23.25,19.15,52.125,7.45,36.25,10.75,13.65,16.9,60.29999999999999,38.7,31.600000000000005,28.972033898305078,61.90000000000001,81.5,47.95,52.8,29.550000000000004,22.29615384615385,97.8,62.59166666666667,14.401351351351352,61.0,15.05,34.95,10.4,11.7,22.6,19.398913043478263,224.5,192.5,24.15,9.457,26.392857142857146,8.53375,10.05,13.65,19.1,8.2,18.2,57.4,117.0,13.95,49.85833333333333,67.30000000000001,18.164285714285715,93.2,33.975,95.2,150.5,36.75,55.5,8.819629629629631,105.5,60.95,71.69642857142857,427.5,35.45,212.0,16.05,195.25,186.0,92.36666666666667,256.5,41.45,86.0,37.45,35.5,33.4,57.3,71.2,61.1,70.4,29.8,541.3333333333334,20.141666666666666,55.7,379.0,250.5,33.55,11.5,161.3,37.15,85.70000000000002,43.2375,130.08333333333334,96.75,288.5,61.975,227.0,43.4,11.0,98.3,279.25,347.5,16.55,16.0,55.10000000000001,47.96176470588235,9.27,20.050000000000004,13.3,24.0,12.25,11.225,19.15,15.855681818181818,210.0,2890.0,102.875,11.352411575562703,70.88000000000002,87.0,14.15,76.4,49.76666666666667
74.7,9.1,30.2,30.85,14.25,273.0,26.899999999999995,53.4,106.0,182.0,7.72,70.25,24.8,28.85,42.7,109.0,42.15,13.1,18.2,36.683333333333344,183.5,440.5,29.9,20.848076923076924,47.8,31.95,24.25,24.1,389.0,23.273809523809533,19.15,52.08461538461539,7.45,36.25,10.75,13.675,16.85,60.4,38.65833333333333,31.6,29.0,61.86666666666667,81.39999999999998,47.95,52.80769230769231,29.55,22.35,97.8,62.55,14.4,60.92,15.05,35.0,10.355,11.716666666666667,22.6,19.4,224.0,192.5,24.1,9.45,26.4,8.529571428571428,10.004950495049505,13.65,19.1,8.2,18.219574468085106,57.3,116.54545454545456,13.95,49.9,67.25,18.150877192982453,93.2975,34.0,95.2,150.0,36.75,55.4,8.82,106.0,60.914285714285704,71.70197740112994,427.5,35.5,212.0,16.05,195.5,186.0,92.4,257.0,41.5,86.07499999999997,37.45,35.45,33.4,57.2,71.3,61.1,70.4,29.8,541.0,20.133333333333336,55.7,380.5,250.0,33.55,11.5,161.07142857142858,37.16,85.7,43.23571428571428,130.26470588235293,96.7,288.5,62.0,227.0,43.55,11.0125,98.30625,279.1,347.5,16.596296296296302,16.0,55.17380952380952,47.99673913043478,9.276909090909092,20.025,13.3,23.977777777777767,12.225,11.2,19.175,15.9,210.0,2885.0,103.0,11.349685534591195,70.8,86.9,14.1,76.4,49.808
74.7,9.1,30.2,30.8,14.25,272.6,26.9,53.3,106.0,181.75,7.72,70.2,24.85,28.85,42.75,109.0,42.125,13.1,18.2,36.8,183.5,440.0,29.8,20.85,47.75,31.95,24.2,24.05,389.0,23.25,19.15,52.1,7.46,36.25,10.800000000000002,13.669999999999998,16.9,60.3,38.69285714285714,31.600000000000005,28.87291666666667,61.811111111111096,81.5,48.0,52.90638297872339,29.563333333333336,22.29615384615385,97.8,62.6,14.4,60.90000000000001,15.05,34.95,10.4,11.746666666666664,22.55,19.4,224.5,192.5,24.1,9.457,26.396875,8.52,10.05,13.65,19.1,8.2,18.25,57.4,117.0,13.95,49.85833333333333,67.3,18.164285714285715,93.30666666666666,33.975,95.2,150.0,36.8,55.4,8.819629629629631,106.0,60.91666666666666,71.98367346938775,427.5,35.464285714285715,212.7142857142857,16.05,195.0,186.0,92.36666666666667,256.5,41.5,86.0,37.45,35.5,33.426923076923075,57.2,71.3,61.125,70.4,29.822727272727274,540.0,20.11111111111111,55.7,379.0,250.5,33.55,11.5,161.1,37.15000000000001,85.63555555555554,43.20625,130.35555555555555,96.75,288.5,62.0,227.0,43.5,11.033333333333333,98.3,279.0,347.5,16.55,16.0,55.1,48.0,9.276875,20.05,13.3,23.995454545454546,12.214285714285715,11.25,19.2,15.85,210.0,2890.0,102.875,11.3,70.81428571428572,86.9,14.15,76.4,49.90093457943925
74.7,9.09,30.2,30.85,14.25,273.0,26.9,53.4,106.0,182.0,7.72,70.14,24.9,28.85,42.8,109.0,42.15,13.1,18.2,36.683333333333344,183.5,440.5,29.9,20.89444444444445,47.75,31.95,24.225,24.100000000000005,389.0,23.25,19.15,51.9,7.45,36.25,10.8,13.675,16.85,60.4,38.67222222222223,31.6,28.899999999999995,61.86428571428571,81.4,48.0,52.88888888888889,29.55,22.25,97.8,62.53333333333333,14.4,60.89999999999999,15.05,35.0,10.355,11.716666666666667,22.58333333333333,19.4,224.0,192.0,24.1,9.45,26.399999999999995,8.53,10.05,13.666666666666664,19.1,8.21,18.253225806451614,57.3,116.5,13.9125,49.9,67.14166666666667,18.15,93.37741935483872,33.98333333333333,95.2,150.0,36.75,55.4,8.82,106.0,60.914285714285704,72.18837209302326,427.5,35.5,212.0,16.0,195.46153846153842,186.0,92.4,257.0,41.45,86.0,37.45,35.45,33.43333333333333,57.26666666666667,71.2,61.1,70.4,29.8,540.3333333333334,20.14,55.6,380.5,250.0,33.55,11.5,161.22727272727272,37.15625,85.65,43.25,130.33333333333334,96.7,288.5,61.96,226.5,43.5,11.0,98.3,279.25,347.5,16.585714285714285,16.0,55.094444444444456,47.985,9.273478260869565,20.052380952380954,13.3,23.998809523809523,12.245833333333332,11.233333333333334,19.15,15.85,210.0,2885.0,103.0,11.325598086124401,70.81666666666666,86.9,14.1,76.4,49.9325
74.7,9.1,30.2,30.85,14.25,272.5,26.9,53.3,105.5625,181.75,7.72,70.2,24.953488372093023,28.85,42.77,109.0,42.1,13.125,18.2,36.8,183.5,440.0,29.8,20.85,47.75,31.95,24.25,24.05,389.0,23.24761904761905,19.15,51.9,7.46,36.25,10.8,13.7,16.857142857142858,60.29999999999999,38.7,31.575000000000006,28.87291666666667,61.8,81.36666666666666,48.0,52.98461538461538,29.55,22.29615384615385,97.8,62.6,14.45,60.9,15.0,34.95,10.4,11.75,22.55,19.4,224.5,192.0,24.1,9.45,26.4,8.52111111111111,10.05,13.65,19.1,8.2,18.3,57.30384615384616,116.54166666666669,13.925,49.85833333333333,67.20000000000002,18.164285714285715,93.34285714285716,33.975,95.2,150.0,36.8,55.5,8.82,106.0,60.89090909090908,72.212,427.5,35.5,212.7142857142857,16.05,195.5,186.0,92.4,256.5,41.5,86.0,37.4,35.46666666666667,33.41428571428571,57.2,71.3,61.10000000000001,70.4,29.8,541.0,20.15,55.7,379.0,250.0,33.5,11.51,161.16666666666666,37.154545454545456,85.7,43.22708333333333,130.375,96.8,288.5,61.975,227.0,43.5,11.003846153846156,98.3375,279.5,347.5,16.55,16.0,55.1,47.968,9.284999999999998,20.1,13.3,24.0,12.25,11.21,19.2,15.85,209.5,2890.0,102.75,11.320443349753695,70.825,86.96666666666665,14.15,76.4,49.94375
74.7,9.1,30.2,30.85,14.25,272.1,26.9,53.3,106.0,182.0,7.72,70.3,24.97,28.9,42.8,109.0,42.15,13.1,18.2,36.683333333333344,183.5,440.5,29.9,20.85,47.75,32.0,24.225,24.100000000000005,389.0,23.25,19.15,51.9,7.45,36.25,10.8,13.675,16.85,60.4,38.7,31.55,28.9,61.8,81.4,48.0,53.0,29.55,22.25,97.7,62.5,14.4,60.925,15.05,35.0,10.4,11.748863636363636,22.55,19.4,224.0,192.5,24.178,9.45,26.4,8.52,10.05,13.666666666666664,19.1,8.21,18.25,57.3,117.0,13.9125,49.95,67.14166666666667,18.2,93.43333333333334,33.95,95.2,150.0,36.75,55.5,8.82,105.83333333333331,60.914285714285704,72.2,427.5,35.5,212.0,16.0,195.57142857142856,186.0,92.4,257.0,41.45,86.0,37.45,35.5,33.41428571428572,57.26666666666667,71.2,61.1,70.4,29.838235294117645,541.7692307692306,20.149999999999995,55.6,380.5,250.0,33.55,11.5,161.125,37.15,85.7,43.24661016949153,130.11764705882354,96.8,288.5,61.99,226.5,43.5,11.02375,98.3125,279.3,347.5,16.568181818181817,16.0,55.1,47.977777777777774,9.280625,20.066666666666666,13.3,24.0,12.25,11.225,19.15,15.9,209.5,2885.0,103.0,11.35,70.8,86.94000000000003,14.15,76.4,49.91
74.7,9.1,30.2,30.85,14.25,272.5,26.9,53.3,105.5625,181.75,7.72,70.2,25.0,28.85,42.8,109.0,42.1,13.1,18.2,36.8,183.5,440.0,29.8,20.9,47.75,31.95,24.2,24.05,389.0,23.241666666666664,19.15,51.79999999999999,7.456874999999998,36.25,10.8,13.7,16.85,60.29999999999999,38.65,31.575000000000006,28.95,61.8,81.36666666666666,48.0375,53.10714285714285,29.55,22.29615384615385,97.7,62.6,14.45,60.83225806451612,15.0,34.95,10.35,11.75,22.55,19.4,224.5,193.0,24.17142857142857,9.46,26.35,8.521666666666668,10.05,13.65,19.05,8.200000000000001,18.244565217391305,57.30384615384616,116.625,13.9,49.911111111111104,67.20000000000002,18.2,93.39375,33.96666666666667,95.2,150.0,36.7,55.5,8.83,105.5,60.9,72.2,427.5,35.5,212.7142857142857,16.05,196.0,186.0,92.4,256.5,41.45,85.95,37.409615384615385,35.45,33.4,57.29411764705882,71.35000000000002,61.1,70.4,29.8375,542.0,20.127083333333328,55.63333333333333,379.0,250.0,33.5,11.5,161.35,37.15,85.7,43.233870967741936,130.125,96.7,288.0,61.93478260869565,227.0,43.5,11.0,98.31,279.1666666666667,347.5,16.55,16.0,55.1,47.99056603773585,9.280909090909091,20.05454545454545,13.3,24.0,12.25,11.25,19.170454545454547,15.85,209.5,2890.0,103.0,11.343506493506494,70.8,86.9,14.141666666666666,76.4,49.90000000000001
74.7,9.099999999999998,30.2,30.85,14.266666666666666,272.1,26.9,53.3,106.0,182.0,7.72,70.3,24.95,28.9,42.8,108.75,42.125,13.1,18.2,36.683333333333344,183.5,440.5,29.8,20.85,47.75,32.0,24.225,24.100000000000005,389.0,23.28333333333333,19.14090909090909,51.8,7.45,36.2,10.8,13.692857142857143,16.85,60.4,38.72222222222222,31.55,28.9,61.8,81.4,48.0,53.17368421052631,29.55,22.25,97.63333333333333,62.6,14.4,60.9,15.05,35.0,10.4,11.748863636363636,22.6,19.397340425531915,224.0,192.5,24.178,9.45,26.38076923076923,8.52,10.05,13.666666666666664,19.1,8.21,18.24,57.3,116.5,13.9,49.95,67.14166666666667,18.175,93.3527777777778,33.95,95.2,150.33333333333334,36.75,55.5,8.82,105.83333333333331,60.914285714285704,72.23333333333333,427.5,35.5,212.0,16.0,196.0,186.0,92.4,257.0,41.5,86.0,37.45,35.475,33.41428571428572,57.2875,71.3,61.12307692307692,70.4,29.8,542.0,20.138571428571428,55.69898989898989,380.5,250.5,33.55,11.5,161.1,37.19615384615385,85.69687499999998,43.21363636363637,130.38,96.8,288.5,61.98,227.0,43.5,11.05,98.30833333333334,279.2142857142857,347.5,16.575,16.0,55.2,47.980769230769226,9.280555555555557,20.075000000000006,13.3,23.9511811023622,12.25,11.25,19.161538461538466,15.9,209.5,2885.0,103.0,11.35,70.76896551724137,86.9,14.1,76.4,49.9
74.7,9.1,30.2,30.85,14.25,272.5,26.9,53.3,106.0,181.75,7.72,70.2,24.9,28.85,42.8,109.0,42.1,13.1,18.2,36.8,183.5,440.0,29.85,20.9,47.8,31.95,24.2,24.05,389.0,23.258823529411764,19.149999999999995,51.7,7.45,36.25,10.75,13.7,16.85,60.29999999999999,38.75,31.6,28.95,61.8,81.36666666666666,48.0,53.20000000000002,29.54583333333333,22.275,97.7,62.6,14.354545454545455,60.88,15.0,35.0,10.35,11.75,22.55,19.4,224.5,192.5,24.2,9.45,26.36666666666667,8.521666666666668,10.05,13.65,19.05,8.200000000000001,18.2484375,57.30384615384616,116.625,13.95,49.911111111111104,67.11999999999999,18.19,93.3,33.96666666666667,95.2,150.0,36.7,55.6,8.83,105.75,60.90000000000001,72.28333333333335,427.5,35.5,212.7142857142857,16.05,196.33783783783784,186.0,92.4,256.5,41.5,85.95,37.45,35.48999999999999,33.44166666666667,57.25,71.35000000000002,61.14285714285714,70.4,29.828947368421048,542.0,20.15,55.70000000000001,379.0,250.0,33.5,11.514285714285714,161.21428571428572,37.17142857142858,85.65454545454546,43.25,130.1875,96.7,288.0,62.0,227.0,43.5,11.05,98.3,279.375,347.5,16.55,16.0125,55.2,47.98333333333333,9.285454545454543,20.1,13.3,24.0,12.2,11.2497461928934,19.2,15.85,209.5,2890.0,103.0,11.35,70.8,86.9,14.1,76.4,49.93076923076922
74.8,9.104656862745095,30.2,30.85,14.266666666666666,272.5,26.9,53.3,105.66666666666669,182.0,7.7201010101010095,70.3,24.899999999999995,28.9,42.79999999999999,108.75,42.05,13.15,18.2,36.683333333333344,183.5,439.0,29.8,20.85,47.76666666666667,32.0,24.2,24.100000000000005,389.0,23.25,19.15,51.71666666666667,7.46,36.3,10.8,13.694736842105264,16.85,60.4,38.715151515151504,31.55833333333333,28.9,61.80588235294118,81.4,48.025,53.17647058823529,29.6,22.35,97.7,62.625,14.4,60.85999999999999,15.05,35.0,10.4,11.748863636363636,22.592857142857145,19.4,224.0,192.5,24.178,9.45,26.35,8.52090909090909,10.05,13.65,19.1,8.21,18.25,57.2,116.58333333333331,13.9,49.95,67.14166666666667,18.2,93.3,33.95,95.2,150.33333333333334,36.72777777777778,55.6,8.83,105.5,60.93333333333334,72.26190476190476,427.5,35.45,212.0,16.0,196.8913043478261,186.0,92.4,257.0,41.45,86.0,37.45,35.46250000000001,33.4125,57.24,71.3,61.18333333333334,70.4,29.8,542.5,20.15,55.69898989898989,380.5,250.0,33.55,11.5,161.0,37.1625,85.62790697674419,43.25,130.1290322580645,96.73333333333332,288.0,61.93846153846154,227.0,43.45,11.05,98.31111111111109,279.0,347.3,16.598387096774193,16.0,55.20000000000001,47.98703703703704,9.273846153846154,20.075000000000006,13.3,24.05,12.25,11.225,19.15,15.853125,209.5,2885.0,103.0,11.387878787878787,70.7,87.0,14.1,76.4,49.88333333333333
74.7,9.127435897435896,30.2,30.85,14.3,273.0,26.9,53.3,105.5,182.0,7.72,70.2,24.95,28.85,42.79999999999999,109.0,42.066666666666656,13.1,18.2,36.8,183.5,440.0,29.85,20.9,47.75,31.99,24.25,24.05,389.0,23.258823529411764,19.139583333333334,51.7,7.459212121212121,36.3,10.75,13.66,16.9,60.4,38.76875,31.6,28.95,61.8,81.375,48.05,53.28571428571429,29.63333333333333,22.25,97.7,62.60000000000001,14.354545454545455,60.825,15.0,35.0,10.35,11.75,22.55,19.4,224.0,192.5,24.25,9.45,26.4,8.53,10.05,13.65,19.05,8.211451612903224,18.25,57.2,116.75,13.95,49.91666666666666,67.11999999999999,18.15,93.29999999999998,33.96666666666667,95.3,150.5,36.75,55.6,8.83,105.5,60.9,72.16,427.5,35.5,212.25,16.05,197.2692307692308,186.0,92.4,256.5,41.45,85.95,37.45,35.48999999999999,33.4,57.2,71.32857142857144,61.14000000000001,70.38333333333334,29.84166666666667,542.9230769230769,20.160563380281687,55.8,379.0,250.5,33.5,11.5,161.125,37.2,85.6857142857143,43.25086206896552,130.42424242424244,96.7,288.0,62.0,227.0,43.45,11.05,98.30588235294118,279.0,347.5,16.55,16.0,55.2,47.98239436619718,9.28047619047619,20.1,13.300000000000002,24.0,12.205769230769231,11.25,19.15,15.9,209.5,2890.0,103.0,11.35,70.7,86.9,14.1,76.4,49.89166666666667
74.7,9.139166666666668,30.2,30.85,14.266666666666666,273.0,26.9,53.3,106.0,182.0,7.72,70.3,24.899999999999995,28.9,42.8,109.0,42.1,13.15,18.2,36.683333333333344,183.5,439.0,29.8,20.85,47.76666666666667,32.0,24.2,24.07058823529412,389.5,23.272727272727273,19.15,51.76666666666667,7.448372093023255,36.3,10.75,13.695833333333333,16.9,60.417647058823526,38.79999999999999,31.55,28.95,61.8,81.4,48.09,53.260975609756095,29.685384615384606,22.35,97.7,62.6,14.4,60.87142857142857,15.0,35.0,10.4,11.8,22.6,19.393609022556387,224.0,192.5,24.178,9.46,26.35833333333333,8.52090909090909,10.05,13.65,19.1,8.21,18.25,57.2,116.58333333333331,13.9,49.925,67.14166666666667,18.163333333333334,93.288,33.95,95.3,150.5,36.75,55.6,8.83,105.5,60.9,72.2,427.5,35.45,212.0,16.0,197.5,185.5,92.4,257.0,41.46250000000001,86.0,37.45,35.48333333333333,33.4,57.3,71.3,61.2,70.4,29.8,543.0,20.12142857142857,55.79999999999999,380.5,250.0,33.55,11.5,161.11111111111111,37.214285714285715,85.69999999999997,43.25,130.16666666666666,96.73333333333332,288.0,61.921428571428564,227.0,43.45,11.000943396226416,98.3,279.2857142857143,347.3,16.583823529411767,16.0,55.20000000000001,48.0,9.27,20.1,13.3,24.025,12.201219512195122,11.225,19.15,15.9,209.5,2885.0,102.75,11.35,70.7,87.0,14.1,76.4,49.87777777777778
74.7,9.143548387096773,30.2,30.85,14.3,273.0,26.9,53.3,105.5,181.5,7.72,70.2,24.95,28.85,42.775,109.0,42.1,13.095833333333335,18.2,36.8,183.5,439.0,29.85,20.856666666666673,47.75,31.99,24.25,24.1,389.0,23.25,19.16463414634146,51.8,7.444347826086957,36.2,10.758333333333333,13.651142857142858,16.9,60.4,38.8,31.6,28.95,61.74,81.29999999999998,48.085714285714296,53.338461538461544,29.64945054945055,22.3,97.7,62.6,14.354545454545455,60.9,15.033333333333333,35.0,10.35,11.75,22.55,19.4,224.0,192.5,24.225,9.45,26.4,8.52,10.003125,13.65,19.05,8.211451612903224,18.25,57.2,116.83333333333331,13.9,49.91666666666666,67.11363636363636,18.15047619047619,93.22692307692309,33.958333333333336,95.21428571428572,150.5,36.75,55.6,8.83,105.5,60.925,72.2277777777778,427.0,35.45,212.0,16.0,197.125,186.0,92.4,256.5,41.45,85.95,37.45,35.45,33.4,57.2,71.32857142857144,61.1,70.38333333333334,29.8,543.0,20.15,55.7,379.0,250.5,33.5,11.5225,161.0,37.24166666666667,85.63333333333334,43.25720338983052,130.11111111111111,96.7,288.0,61.975,227.0,43.45000000000001,11.05,98.3,279.25,347.5,16.57,16.0,55.146153846153844,48.0,9.278333333333332,20.058333333333334,13.300000000000002,24.03333333333333,12.2,11.25,19.175,15.892500000000002,209.5,2890.0,103.0,11.35473372781065,70.7,86.9,14.1,76.3,49.9
74.8,9.141851851851852,30.15,30.8,14.266666666666666,273.0,26.9,53.3,106.0,182.0,7.72,70.2,24.95,28.883333333333336,42.8,109.0,42.142857142857146,13.0,18.2,36.683333333333344,183.5,439.0,29.8,20.85,47.76666666666667,32.0,24.2,24.07058823529412,389.5,23.29583333333333,19.15,51.88571428571429,7.45,36.3,10.8,13.65,16.9,60.4,38.8,31.575000000000006,28.95,61.79090909090908,81.3,48.06428571428571,53.2769230769231,29.60566037735849,22.35,97.7,62.6,14.4,60.9,15.0,35.0,10.4,11.75,22.6,19.404545454545453,224.0,192.5,24.25,9.46,26.35,8.52090909090909,10.05,13.666666666666664,19.1,8.21,18.25,57.2,117.0,13.916666666666664,49.975,67.14166666666667,18.1,93.23571428571431,33.95,95.2,150.5,36.75,55.6,8.83,105.0,60.9,72.22222222222223,427.5,35.4,212.0,16.0,196.9375,185.5,92.4,257.0,41.47380952380952,86.0,37.45,35.475,33.41428571428571,57.2,71.34285714285714,61.01666666666667,70.5,29.8,542.9,20.142307692307693,55.8,379.5,250.0,33.54259259259259,11.51875,161.0625,37.20625,85.69090909090909,43.250952380952384,130.21052631578948,96.73333333333332,288.0,62.0,227.0,43.45,11.005357142857141,98.29913793103451,279.25,347.3,16.589655172413796,16.05,55.1,48.0,9.276666666666667,20.066666666666666,13.3,24.025,12.2,11.225,19.2,15.9,209.5,2895.0,102.75,11.349999999999998,70.7,86.9,14.15,76.4,49.89545454545455
74.7,9.146666666666668,30.2,30.8,14.3,273.0,26.9,53.3,105.5,181.5,7.72,70.3,24.9968085106383,28.85,42.775,109.0,42.1,13.05,18.2,36.8,183.5,439.5,29.85,20.85,47.75,32.0,24.25,24.1,389.0,23.25,19.15,51.85,7.453333333333332,36.2,10.758333333333333,13.651142857142858,16.866666666666667,60.4,38.5,31.6,28.9,61.825,81.3,48.05833333333334,53.23333333333334,29.572727272727274,22.25,97.66666666666669,62.61666666666667,14.354545454545455,60.90000000000001,15.0,35.0,10.375,11.75,22.575000000000006,19.4,224.0,192.5,24.225,9.45,26.369117647058825,8.521666666666668,10.05,13.65,19.05,8.211451612903224,18.2,57.2,117.0,13.9,49.91666666666666,67.2,18.15,93.0720930232558,34.0,95.21428571428572,150.5,36.7,55.761403508771934,8.82,105.25,60.9,72.12,427.0,35.45,212.0,16.0,197.0,186.0,92.4,256.5,41.45,85.95,37.4,35.495,33.40714285714286,57.29999999999999,71.32857142857144,61.0,70.38333333333334,29.819444444444446,543.3846153846154,20.140625,55.792307692307695,379.5,250.0,33.55,11.542424242424245,161.0,37.213333333333345,85.7,43.278378378378385,130.22222222222223,96.59999999999998,288.0,61.92,227.0,43.4,11.03913043478261,98.2,279.27777777777777,347.5344827586207,16.55,16.0,55.1,47.95625,9.286285714285713,20.05454545454545,13.3,24.0,12.222222222222221,11.242857142857142,19.19237288135593,15.85,209.5,2895.0,103.0,11.35,70.75,86.92857142857143,14.1,76.4,49.9
74.75,9.130930232558141,30.15,30.8,14.266666666666666,273.0,26.9,53.3,106.0,182.0,7.727142857142858,70.2,24.95,28.883333333333336,42.76666666666667,109.0,42.142857142857146,13.0,18.2,36.683333333333344,183.5,439.0,29.8,20.85,47.76666666666667,32.0,24.2,24.1,389.5,23.25,19.133333333333333,51.9,7.46,36.3,10.8,13.65,16.855357142857144,60.4,38.79,31.55,28.95,61.9,81.3,48.0875,53.26216216216216,29.54555555555556,22.25,97.65,62.68596491228071,14.35,60.9,15.0,35.0,10.4,11.75,22.55,19.404545454545453,224.0,192.5,24.25,9.46,26.35,8.53,10.05,13.65,19.1,8.21,18.2375,57.2,116.77272727272728,13.916666666666664,49.975,67.14166666666667,18.1,92.99154929577463,34.0,95.2,150.0,36.74166666666667,55.826315789473675,8.83,105.0,60.91666666666666,72.1,427.0,35.5,212.0,16.0,197.5,186.0,92.4,256.5,41.4,86.0,37.41,35.5,33.45,57.214285714285715,71.32857142857142,61.01666666666667,70.4,29.85,544.0,20.173529411764704,55.7,380.0,250.0,33.54259259259259,11.516666666666667,161.2,37.225,85.67999999999998,43.26875,130.25,96.6,288.0,62.0,226.5,43.45,11.028571428571427,98.27352941176471,279.44444444444446,348.0,16.591379310344827,16.0,55.17575757575758,47.961999999999996,9.288333333333332,20.1,13.3,24.025,12.2,11.2,19.18928571428572,15.9,209.5,2900.0,103.0,11.35,70.7,86.91333333333336,14.1,76.4,49.8875
74.7,9.13,30.2,30.8,14.3,273.1818181818182,26.93333333333333,53.3,106.0,181.0,7.72,70.3,24.95,28.85,42.775,109.0,42.1,13.05,18.2,36.8,183.5,439.5,29.85,20.85,47.75,32.0,24.25,24.1,389.0,23.25,19.116666666666667,51.9,7.453333333333332,36.2,10.758333333333333,13.65,16.85,60.4,38.85,31.55,28.9,61.9,81.3,48.1,53.22500000000001,29.55,22.25,97.53333333333336,62.62000000000001,14.354545454545455,60.9,15.0,35.0,10.35,11.75,22.575000000000006,19.45,224.0,192.5,24.225,9.45,26.350000000000005,8.52090909090909,10.05,13.65,19.05,8.214347826086957,18.25,57.2,117.0,13.9,49.91666666666666,67.2,18.143333333333327,92.82058823529414,34.0,95.21428571428572,150.0,36.75,55.8,8.82,105.25,61.0,72.10000000000002,427.0,35.45,212.0,16.0,197.5,186.0,92.5,256.5,41.45,86.0,37.4,35.45,33.4,57.295,71.32857142857144,61.1,70.4,29.819444444444446,544.0,20.16153846153846,55.71250000000001,379.5,250.0,33.55,11.5,161.125,37.2,85.59999999999998,43.2625,130.41666666666666,96.59999999999998,287.625,62.0,227.0,43.4,11.03125,98.22222222222223,279.5,347.75,16.55,16.0,55.06666666666667,47.95,9.281714285714283,20.058333333333334,13.25,24.008823529411767,12.2,11.206666666666667,19.15,15.853846153846153,209.5,2895.0,103.0,11.35,70.7,86.95,14.05,76.4,49.875
74.75,9.12625,30.15,30.8,14.266666666666666,273.0,26.91875,53.3,106.0,182.0,7.72,70.2,24.95,28.9,42.8,109.0,42.1,13.0,18.2,36.683333333333344,183.5,439.0,29.8,20.85,47.76666666666667,32.0,24.25,24.1,389.5,23.272727272727273,19.149999999999995,51.88,7.44090909090909,36.3,10.8,13.7,16.9,60.4,38.85,31.6,28.9,61.9111111111111,81.2,48.1,53.23846153846154,29.518181818181816,22.295454545454547,97.7,62.61666666666667,14.35,60.89310344827585,15.0,34.95,10.355555555555558,11.75,22.55,19.404545454545453,224.0,192.5,24.25,9.46,26.350000000000005,8.52076923076923,10.05,13.65,19.05,8.212,18.25,57.2,116.88888888888887,13.9125,49.975,67.14166666666667,18.1125,92.82857142857141,34.04,95.1,150.0,36.75,55.8,8.83,105.0,60.9,72.1,427.0,35.45,212.0,16.0,198.04310344827587,186.0,92.45,256.5,41.4,86.0,37.39999999999999,35.5,33.40833333333333,57.3,71.32857142857142,61.0,70.4,29.8,544.9285714285714,20.175,55.76666666666667,380.0,250.5,33.54259259259259,11.5,161.0,37.20416666666667,85.67,43.25,130.12121212121212,96.7,288.0,62.1,226.5,43.4,11.05,98.225,279.3333333333333,347.625,16.57875,16.004545454545454,55.02857142857143,47.93064516129032,9.278372093023256,20.06071428571429,13.25,24.0,12.199999999999998,11.215,19.15,15.849999999999998,209.25,2895.0,103.0,11.342708333333334,70.7,87.0,14.069444444444445,76.4,49.8875
74.7,9.135000000000002,30.2,30.8,14.3,273.5,26.93333333333333,53.3,106.0,181.0,7.72,70.3,24.95,28.85,42.775,109.0,42.1,13.050000000000002,18.2,36.75,183.5,439.5,29.85,20.8,47.75,32.0,24.2,24.05,389.0,23.259523809523806,19.1,51.9,7.44,36.2,10.8,13.6,16.9,60.5,38.84285714285714,31.597222222222218,28.9,61.957142857142856,81.21666666666667,48.1,53.15,29.55,22.25,97.75,62.61,14.354545454545455,60.88571428571429,15.0,35.0,10.4,11.75,22.6,19.45,224.0,192.5,24.225,9.45,26.350000000000005,8.53,10.05,13.65,19.05,8.21967741935484,18.25,57.2,117.0,13.9,49.91666666666666,67.2,18.146428571428565,92.80434782608695,34.1,95.21428571428572,150.0,36.75,55.73225806451613,8.83,105.0,61.0,72.02666666666667,427.0,35.5,212.0,16.0,198.89,186.0,92.5,256.5,41.4,85.9,37.4,35.45,33.4,57.2,71.3,61.1,70.4,29.81,545.55,20.15,55.703125,379.5,250.5,33.6,11.505882352941176,161.2352941176471,37.20625,85.69285714285716,43.26590909090909,130.08333333333334,96.59999999999998,288.0,62.05,227.0,43.4,11.002173913043478,98.26666666666668,279.1666666666667,347.5,16.55,16.0,55.1,47.925,9.2775,20.066666666666666,13.25,24.0,12.2,11.245833333333332,19.18055555555555,15.9,208.98,2895.0,103.0,11.35,70.7,86.95,14.05,76.4,49.85
74.76666666666667,9.140882352941176,30.15,30.8,14.266666666666666,273.0,26.9,53.3,106.0,182.0,7.72,70.2,24.95,28.9,42.8,109.0,42.15,13.05,18.2,36.683333333333344,183.5,439.0,29.85,20.8,47.75,31.9875,24.260714285714286,24.1,389.5,23.25,19.1,51.85,7.44,36.3,10.75,13.621428571428574,16.9,60.4,38.815,31.6,28.9,61.992592592592594,81.22307692307693,48.11,53.12380952380953,29.548387096774192,22.3,97.8,62.64166666666667,14.35,60.9,14.95,34.95,10.375,11.75,22.541025641025637,19.4,224.0,192.5,24.25,9.45,26.350000000000005,8.52,10.05,13.65,19.05454545454545,8.216000000000001,18.233333333333334,57.2,116.88888888888887,13.9125,49.9,67.14166666666667,18.148924731182795,92.825,34.04,95.11428571428571,150.0,36.8,55.71,8.83,105.5,60.8,72.0,427.0,35.52,212.0,16.0,198.6,186.0,92.5,256.5,41.4,86.0,37.4125,35.475,33.4,57.24285714285713,71.17999999999998,61.05714285714286,70.5,29.8,546.0,20.13809523809524,55.69411764705882,380.0,250.5,33.54259259259259,11.5,161.16666666666666,37.2,85.68181818181819,43.273170731707324,130.5,96.7,288.0,61.92,227.0,43.4,11.05,98.225,279.125,347.5,16.55,16.004545454545454,55.156410256410275,47.93916666666666,9.280909090909091,20.0875,13.29,24.0,12.216666666666667,11.246296296296297,19.17142857142857,15.855555555555556,209.0,2895.0,103.0,11.35,70.71666666666667,86.96666666666665,14.1,76.3,49.79999999999999
74.8,9.148333333333332,30.2,30.8,14.25,273.3235294117647,26.9,53.3,106.0,181.0,7.72,70.2,24.95,28.85,42.8,109.0,42.1,13.05,18.25,36.75,183.5,439.5,29.85,20.8,47.75,32.0,24.2,24.05,389.5,23.25,19.1,51.9,7.44,36.2,10.766666666666667,13.65,16.854545454545455,60.4,38.875,31.6,28.95,62.04931506849316,81.17999999999998,48.1,53.05,29.53,22.300000000000004,97.8,62.7,14.35,60.90000000000001,15.0,34.95178571428572,10.35,11.75,22.53333333333333,19.4,224.0,192.5,24.225,9.450476190476188,26.350000000000005,8.52,10.05,13.65,19.073239436619726,8.21,18.25,57.176923076923075,116.85294117647058,13.9,49.91666666666666,67.2,18.13888888888889,92.79999999999998,34.1,95.21428571428572,150.0,36.8,55.7,8.83,105.0,60.85,72.0,427.0,35.55,212.0,15.95,198.5,186.0,92.45,256.5,41.4,86.0,37.4,35.48999999999999,33.4,57.28,71.1,60.967741935483865,70.3,29.8,546.0,20.16315789473684,55.6,379.5,250.5,33.6,11.50263157894737,161.0,37.22916666666666,85.69473684210527,43.25,130.04545454545453,96.59999999999998,288.0,62.0,227.0,43.4,11.0,98.225,279.3,347.0,16.593548387096774,16.0,55.075,47.93571428571429,9.28,20.066666666666666,13.283333333333333,24.0,12.2,11.208333333333336,19.15,15.9,209.0,2895.0,103.0,11.35,70.7,86.9,14.05,76.32352941176471,49.8
74.76666666666667,9.14,30.149999999999995,30.8,14.266666666666666,273.5,26.9,53.3,106.0,182.0,7.72,70.2,24.95,28.9,42.8,109.0,42.1,13.05,18.2,36.683333333333344,183.5,439.0,29.8,20.8,47.75,32.0,24.260714285714286,24.1,389.0,23.282352941176466,19.1,51.9,7.44,36.3,10.75,13.650000000000002,16.85,60.4,38.9,31.6,28.95,62.27719298245614,81.08095238095238,48.06666666666666,53.0,29.51,22.3,97.9,62.64583333333334,14.35,60.90000000000001,14.95,35.0,10.375,11.75,22.541025641025637,19.4,224.0,192.5,24.15,9.45,26.3,8.52,10.05,13.65,19.05454545454545,8.216000000000001,18.25,57.2,117.0,13.95,49.9,67.1,18.15,92.825,34.0875,95.11428571428571,150.0,36.8,55.70000000000001,8.83,105.5,60.70000000000001,72.0,427.0,35.566666666666656,212.0,16.0,198.25,185.5,92.5,256.5,41.4,86.05,37.4,35.475,33.4,57.297058823529404,71.17999999999998,60.8,70.4,29.8,547.0,20.12962962962963,55.6,380.0,250.5,33.54259259259259,11.5,160.75641025641025,37.2,85.69999999999997,43.25,130.375,96.6,288.0,62.03333333333334,227.0,43.4,11.0,98.2,279.25,347.5,16.55,16.05,55.10000000000001,47.9425,9.283478260869565,20.1,13.25,24.04166666666667,12.2,11.246296296296297,19.15555555555555,15.85,209.0,2895.0,103.0,11.35,70.71666666666667,86.9,14.05,76.3,49.7875
74.7,9.148333333333332,30.2,30.8,14.3,273.5,26.9375,53.4,106.0,181.0,7.72,70.3,24.9,28.85,42.775,109.0,42.1,13.05,18.25,36.75,183.0,439.5,29.85,20.807142857142857,47.7,32.0,24.2,24.05,389.0,23.29727272727273,19.1,51.9,7.442439024390245,36.2,10.8,13.65,16.846644295302013,60.5,38.825,31.6,28.95,62.46363636363636,81.01176470588236,48.05,53.0,29.50357142857143,22.300000000000004,97.8,62.65454545454546,14.35,60.869230769230775,15.0,34.95178571428572,10.361111111111109,11.75,22.55,19.4,224.0,192.5,24.225,9.450476190476188,26.305813953488368,8.520000000000001,10.05,13.65,19.1,8.22,18.201960784313727,57.176923076923075,117.05555555555556,13.939999999999998,49.95,67.2,18.15,92.80588235294115,34.0625,95.2,150.0,36.8,55.7,8.83,105.0,60.85,71.97999999999998,426.5,35.55,212.0,15.95,198.5,186.0,92.5,256.5,41.4,86.1,37.4,35.46666666666667,33.43888888888889,57.32727272727272,71.16666666666667,60.9,70.4,29.800000000000004,547.3913043478261,20.1,55.6,379.5,250.5,33.6,11.5,160.77777777777774,37.20416666666667,85.63095238095238,43.25,130.35714285714286,96.59999999999998,288.0,62.0,227.5,43.4,11.047058823529413,98.22,279.1666666666667,347.33333333333326,16.55,16.0,55.02741935483871,47.91,9.280909090909091,20.075000000000006,13.3,24.0375,12.208333333333336,11.22,19.166666666666668,15.875,209.5,2895.0,103.0,11.35,70.7,86.99444444444444,14.1,76.32352941176471,49.75
74.76666666666667,9.140769230769232,30.149999999999995,30.8,14.266666666666666,273.0,26.925,53.3,106.0,182.0,7.72,70.2,24.95,28.9,42.8,109.0,42.075,13.05,18.2,36.8,183.5,440.0,29.8,20.8,47.75,32.0,24.260714285714286,24.1,389.0,23.264754098360658,19.092857142857145,51.9,7.44,36.3,10.75,13.65,16.8,60.5,38.9,31.6,28.95,62.5,81.15,48.05,53.0,29.5,22.35,97.8,62.63333333333334,14.35,60.9,14.95,35.0,10.375,11.75,22.541025641025637,19.4,224.0,192.0,24.2,9.456666666666667,26.35,8.52,10.05,13.65,19.08,8.219166666666666,18.2,57.1,117.0,13.95,49.9,67.2,18.15,92.8,34.0875,95.0,150.0,36.8,55.70000000000001,8.83,105.5,60.76666666666667,72.0,427.0,35.55,212.0,16.0,198.33333333333331,185.5,92.5,256.5,41.4,86.10000000000002,37.4,35.5,33.4,57.4,71.1,60.8,70.4,29.83,548.2083333333334,20.15,55.6,380.0,250.5,33.6,11.5,160.5,37.23333333333333,85.63749999999997,43.20000000000001,130.28571428571428,96.7,288.0,62.025,227.5,43.4,11.05,98.26521739130436,279.4,347.5,16.56818181818182,16.0,55.1,47.95,9.27,20.1,13.25,24.0,12.205555555555556,11.225,19.2,15.9,209.0,2895.0,102.75,11.306,70.7,86.90000000000002,14.1,76.3,49.7
74.7,9.14,30.2,30.8,14.3,273.5,26.9,53.4,106.0,181.0,7.72,70.3,24.9,28.85,42.8,109.0,42.05,13.05,18.25,36.75,183.0,439.5,29.85,20.807142857142857,47.7,32.0,24.2,24.05,389.0,23.29727272727273,19.05,51.9,7.44,36.2,10.8,13.65,16.849999999999998,60.5,38.9,31.6,28.95,62.5,81.1,48.08333333333334,53.022222222222226,29.50357142857143,22.300000000000004,97.8,62.62222222222222,14.35,60.8875,15.0,34.95178571428572,10.361111111111109,11.75,22.55,19.4,224.0,192.0,24.2,9.450476190476188,26.3,8.51,10.05,13.65,19.05,8.22,18.2,57.176923076923075,117.0,13.95,49.95,67.2,18.15,92.89090909090908,34.075,95.2,150.0,36.75,55.7,8.82,105.16666666666669,60.9,72.0,426.5,35.55,212.0,15.95,198.22727272727272,186.0,92.5,256.5,41.4,86.10000000000002,37.4,35.46666666666667,33.45,57.38,71.16666666666667,60.8,70.4,29.8,548.0,20.14375,55.6,379.5,250.5,33.6,11.5,160.77777777777774,37.20416666666667,85.64285714285714,43.15238095238095,130.12790697674419,96.59999999999998,288.5,62.01428571428572,227.5,43.4,11.038095238095238,98.2,279.0,347.5,16.583333333333332,16.0,55.18750000000002,47.93773584905661,9.275238095238096,20.05454545454545,13.25,24.0,12.25,11.25,19.18888888888889,15.857894736842105,209.5,2895.0,103.0,11.35,70.7,86.92500000000003,14.15,76.32352941176471,49.75
74.7,9.14,30.149999999999995,30.8,14.266666666666666,273.5,26.925,53.4,106.22758620689655,182.0,7.729999999999999,70.2,24.95,28.9,42.8,109.0,42.05,13.05,18.2,36.8,183.5,440.0,29.8,20.8,47.75,32.0,24.260714285714286,24.05,389.0,23.25,19.05,51.85,7.44,36.3,10.75,13.65,16.8,60.5,38.925,31.6,28.95,62.51538461538462,81.1,48.05,52.99444444444444,29.548387096774192,22.35,97.7,62.65,14.35,60.9,14.95,35.0,10.375,11.75,22.541025641025637,19.4,224.5,192.0,24.21875,9.456666666666667,26.3,8.52,10.05,13.65,19.075000000000006,8.218,18.2,57.2,117.0,13.95,49.94166666666667,67.2,18.15,92.84444444444445,34.083333333333336,95.0,150.0,36.79333333333333,55.70000000000001,8.83,105.0,60.76666666666667,71.96000000000002,426.5,35.55,212.0,16.0,197.78571428571428,185.5,92.5,256.5,41.4,86.09999999999998,37.4,35.5,33.42222222222223,57.4,71.15714285714286,60.8,70.4,29.82941176470589,547.0,20.125,55.6,380.0,250.5,33.55625,11.52391304347826,160.75,37.2,85.65263157894736,43.1,130.1875,96.7,288.5,62.08,227.25,43.4,11.05,98.2,279.0,347.5,16.55,16.025,55.18333333333334,47.93333333333334,9.274444444444443,20.08,13.25,24.0375,12.238888888888885,11.25,19.185714285714287,15.9,209.0,2895.0,103.0,11.35,70.7,86.9,14.05,76.3,49.7
74.76666666666667,9.136,30.2,30.71666666666667,14.3,273.6,26.9,53.4,106.5,181.0,7.73,70.3,24.9,28.85,42.76666666666667,109.0,42.05,13.075,18.2,36.75,183.5,439.5,29.8,20.8,47.75,32.0,24.2,24.05,389.0,23.25,19.05,51.9,7.45,36.2,10.8,13.65,16.850649350649352,60.4,38.95,31.55,29.0,62.5,81.10666666666665,48.1,53.02142857142857,29.55,22.3,97.7,62.6375,14.35,60.89999999999999,14.95,34.95178571428572,10.35,11.75,22.55,19.4,224.5,192.0,24.2,9.450476190476188,26.3172131147541,8.513333333333334,10.05,13.675,19.1,8.215,18.2,57.16666666666666,117.14285714285714,13.95,49.95,67.22500000000001,18.15,92.875,34.075,95.2,150.0,36.7,55.70000000000001,8.81,105.0,60.9,72.0,425.0,35.55,212.0,15.95,196.5,186.0,92.5,256.5,41.425,86.1,37.4,35.48999999999999,33.41111111111111,57.29999999999999,71.2,60.8,70.35,29.800000000000004,546.25,20.1125,55.68333333333334,379.5,250.5,33.6,11.5,160.5,37.2,85.6846153846154,43.10338541666667,130.23529411764707,96.59999999999998,288.5,62.03333333333333,227.5,43.4,11.05,98.20000000000002,279.0,347.33333333333326,16.55,16.0,55.1,47.939473684210526,9.274333333333333,20.05,13.25063559322034,24.0,12.25,11.208333333333336,19.15,15.85625,209.25,2895.0,103.0,11.35,70.70833333333333,86.9,14.15,76.3,49.7
74.8,9.140000000000002,30.16666666666667,30.7,14.266666666666666,273.5416666666667,26.9,53.411111111111104,106.5,182.0,7.729999999999999,70.2,24.95,28.9,42.8,108.91666666666669,42.1,13.05,18.2,36.8,183.5,440.0,29.85,20.8,47.8,32.0,24.275,24.05,389.0,23.3,19.05,51.8,7.45,36.3,10.8,13.65,16.9,60.5,38.95,31.5875,29.0,62.61129032258065,81.1,48.1,53.01818181818182,29.56923076923077,22.35,97.83333333333331,62.6375,14.35,60.875,14.95,35.0,10.35,11.75,22.55,19.4,224.5,192.0,24.21875,9.456666666666667,26.302777777777774,8.51375,10.05,13.65,19.1,8.218571428571428,18.189285714285713,57.2,117.25,13.95,49.95,67.3,18.15,92.79999999999998,34.083333333333336,95.0,150.0,36.766666666666666,55.714285714285715,8.83,105.0,60.76666666666667,71.98333333333333,423.5,35.5,212.0,16.0,196.75,185.5,92.5,256.5,41.4,86.09999999999998,37.4,35.45,33.4,57.3,71.17500000000003,60.8,70.4,29.8,547.1666666666666,20.15,55.688888888888904,380.0,251.0,33.55,11.5,160.64285714285714,37.22000000000001,85.67777777777779,43.08064516129031,130.05555555555554,96.6,288.5,62.0,227.25,43.4,11.022222222222224,98.21666666666668,279.1,347.5,16.550000000000004,16.0,55.06071428571429,47.93870967741936,9.270625,20.065,13.25,24.0,12.20625,11.25,19.15,15.85,209.5,2895.0,103.0,11.336842105263155,70.7,86.9,14.1,76.3,49.70000000000001
74.76666666666667,9.14,30.2,30.71666666666667,14.25,272.2619047619048,26.9,53.4,106.5,180.75,7.73,70.3,24.9,28.85,42.76666666666667,109.0,42.05,13.075,18.2,36.75,183.5,439.5,29.8,20.8,47.75,32.05,24.2,24.05,389.0,23.25,19.05,51.9,7.449999999999998,36.2,10.8,13.675,16.85,60.4,38.95,31.55,29.0,62.80985915492958,81.1,48.05,53.08,29.55,22.3,97.9,62.62857142857143,14.35,60.93636363636363,14.95,34.95178571428572,10.355,11.75,22.535,19.4,224.5,192.0,24.2,9.450666666666667,26.3,8.513333333333334,10.05,13.65,19.1,8.22,18.15,57.16666666666666,117.0,13.95,49.95,67.22500000000001,18.19,92.79999999999998,34.04574468085106,95.2,150.0,36.7,55.70000000000001,8.81,105.5,60.9,72.0,425.0,35.55,212.0,15.95,197.0,186.0,92.5,256.5,41.4,86.07499999999997,37.4,35.45,33.41111111111111,57.3,71.10000000000002,60.9,70.4,29.8,547.0,20.15,55.7,379.5,250.5,33.55,11.505208333333336,160.66666666666666,37.23333333333333,85.67999999999998,43.10000000000001,130.40384615384616,96.64,288.5,62.11250000000001,227.5,43.4,11.01315789473684,98.2,279.0,347.5,16.596,16.0,55.1,47.95000000000001,9.276428571428571,20.09,13.25063559322034,24.0,12.216666666666667,11.211538461538463,19.18,15.85,209.25,2895.0,102.66666666666669,11.340625,70.7076923076923,86.9,14.1,76.36,49.7
74.7,9.13,30.16666666666667,30.75,14.266666666666666,272.5,26.9,53.411111111111104,106.5,182.0,7.73,70.2,24.95,28.9,42.8,108.91666666666669,42.04583333333333,13.1,18.2,36.8,183.5,440.0,29.85,20.82,47.8,32.0,24.275,24.1,389.5,23.25,19.05,51.9,7.45,36.3,10.75,13.65,16.852083333333333,60.5,38.975,31.575000000000006,29.0,62.74897959183673,81.12307692307692,48.05,53.04444444444446,29.55,22.35,97.9,62.66428571428572,14.35,60.98333333333333,14.95,35.0,10.35,11.775,22.55,19.40073529411765,224.5,192.0,24.2,9.456666666666667,26.3,8.512,10.05,13.65,19.1,8.22,18.15,57.2,117.5,13.95,50.0,67.3,18.157692307692308,92.8,34.05,95.0,150.0,36.7764705882353,55.7,8.83,105.0,60.9,72.0,423.5,35.5,212.0,16.0,196.5,186.0,92.46666666666664,256.5,41.4,86.0,37.375,35.5,33.4,57.35,71.17500000000003,60.85,70.4,29.8,547.0,20.148275862068964,55.688888888888904,380.0,250.5,33.55,11.50078125,160.58333333333334,37.20681818181819,85.7,43.11071428571428,130.23684210526315,96.6,288.5,62.17999999999999,227.5,43.4,11.04375,98.20000000000002,279.1,347.5,16.591176470588238,16.0125,55.09444444444446,47.95,9.27090909090909,20.096875,13.277777777777779,24.016666666666666,12.20625,11.245454545454548,19.2,15.855882352941176,209.5,2895.0,103.0,11.342276422764227,70.8,86.9,14.1,76.3,49.7
74.76666666666667,9.13,30.15340909090909,30.71666666666667,14.3,273.0,26.9,53.4,106.5,180.75,7.729999999999999,70.3,24.899999999999995,28.85,42.75,108.5,42.05,13.1,18.2,36.75,183.5,439.0,29.8,20.8,47.75,32.05,24.2,24.1,389.0,23.25394736842105,19.05,51.81818181818181,7.442777777777778,36.25,10.8,13.65,16.85,60.4,38.93636363636364,31.5578125,28.97,62.714285714285715,81.1,48.1,53.030769230769245,29.5,22.3,98.0,62.62000000000001,14.35,60.9,14.95,34.95178571428572,10.4,11.75,22.535,19.4,224.5,192.0,24.2,9.450666666666667,26.3,8.52,10.05,13.65,19.1,8.21875,18.15,57.16666666666666,117.5,13.9,49.95,67.2125,18.15,92.72352941176472,34.04574468085106,95.0037037037037,150.0,36.73888888888889,55.70625,8.81,105.5,60.81818181818181,72.025,425.0,35.45,212.0,15.95,197.0,186.0,92.5,256.5,41.4,86.03333333333335,37.35,35.5,33.397115384615375,57.36666666666667,71.10000000000002,60.9,70.4,29.8,547.0,20.141666666666666,55.65000000000001,379.5,250.5,33.55,11.5,160.86666666666667,37.2,85.63571428571426,43.128125,130.05555555555554,96.60625,288.5,62.125,227.5,43.403125,11.05,98.2153846153846,279.0,347.5,16.586363636363636,16.0,55.10000000000001,47.95,9.27934065934066,20.05,13.25,24.03,12.216666666666667,11.206666666666667,19.15921052631579,15.9,209.25,2895.0,103.0,11.35,70.7,86.9,14.1,76.36,49.7
74.7,9.13,30.16666666666667,30.7,14.266666666666666,273.0,26.9,53.411111111111104,106.5,182.0,7.73,70.2,24.9,28.9,42.8,108.91666666666669,42.04583333333333,13.1,18.2,36.8,183.5,438.5,29.85,20.82,47.76000000000001,32.025,24.275,24.1,389.5,23.27037037037037,19.05,51.9,7.445,36.3,10.75,13.65,16.852083333333333,60.4,38.98181818181817,31.6,29.0,62.7,81.19285714285716,48.1,53.075,29.5,22.28333333333333,98.0,62.6,14.35,60.98333333333333,14.95,35.0,10.35,11.75,22.5,19.4,224.5,191.5,24.2,9.458000000000002,26.25,8.517333333333331,10.05,13.65,19.1,8.22,18.15181818181818,57.2,117.5,13.910000000000002,50.0,67.3,18.15,92.73333333333336,34.05,95.0,150.0,36.75,55.68333333333334,8.83,105.5,60.72500000000001,72.0,423.5,35.5,212.0,15.95,196.8,185.5,92.46666666666664,256.5,41.4,86.0,37.375,35.5,33.375,57.3,71.17500000000003,60.9,70.4,29.81875,547.0,20.121052631578948,55.6,380.0,250.5,33.55,11.5,161.13636363636363,37.23823529411764,85.69000000000003,43.05901639344263,130.03125,96.6,288.5,62.2,227.5,43.4,11.05,98.25,279.0,347.5,16.55,16.0125,55.10000000000001,47.95,9.277777777777779,20.1,13.3,24.0,12.225,11.2,19.155,15.885245901639344,209.5,2895.0,103.0,11.35,70.7,86.9,14.15,76.3,49.7
74.76666666666667,9.13,30.15340909090909,30.71666666666667,14.3,273.0,26.9,53.4,106.5,180.75,7.729999999999999,70.2,24.875,28.85,42.75,108.5,42.0,13.1,18.2,36.75,183.5,439.0,29.8,20.8,47.75,32.05,24.3,24.1,389.0,23.3,19.05,51.79999999999999,7.459999999999999,36.25,10.75,13.65,16.85,60.4,38.95,31.6,29.0,62.725,81.23333333333333,48.1,53.021052631578954,29.5,22.3,98.0,62.61,14.35,60.85,14.95,34.95,10.395833333333334,11.75,22.516666666666666,19.4,224.5,192.0,24.2,9.450666666666667,26.266666666666666,8.52,10.0,13.65,19.05,8.215000000000002,18.15,57.16666666666666,117.07142857142857,13.9,49.975,67.2125,18.15,92.77,34.06666666666666,94.95,150.0,36.73888888888889,55.7,8.81,105.5,60.66363636363636,72.025,425.0,35.45,212.0,15.95,197.05555555555557,186.0,92.5,256.5,41.4,86.1,37.35000000000001,35.5,33.4,57.33333333333334,71.10000000000002,60.9,70.4,29.8,547.0,20.132142857142856,55.7,379.25,250.5,33.55,11.5,161.0,37.22777777777778,85.62749999999998,43.045,130.04761904761904,96.6,288.5,62.20000000000001,227.5,43.39999999999999,11.0,98.20000000000002,279.0,347.5,16.55,16.0,55.1,47.95,9.277529411764704,20.05,13.25,24.025,12.2,11.25,19.166666666666664,15.900000000000002,209.33333333333331,2895.0,103.0,11.375,70.7,87.0,14.1,76.36,49.7
74.72,9.13,30.16666666666667,30.75,14.266666666666666,273.0,26.9,53.3,106.5,180.5,7.72,70.21111111111111,24.9,28.85,42.8,108.91666666666669,42.0,13.05,18.2,36.8,183.5,438.5,29.711538461538463,20.8,47.76000000000001,32.0,24.275,24.1,389.5,23.29166666666667,19.05,51.8,7.45,36.3,10.8,13.65,16.85,60.4,38.925,31.55,29.0,62.7,81.23333333333333,48.05,52.97222222222222,29.45,22.28333333333333,98.0,62.6,14.35,60.9,14.95,34.98913043478261,10.35,11.75,22.5,19.4,224.5,191.5,24.2,9.452,26.28333333333333,8.512,10.05,13.65,19.1,8.218,18.1,57.2,117.0,13.95,50.0,67.3,18.15,92.7,34.05,95.1,150.0,36.8,55.70000000000001,8.83,105.5,60.7,72.0,423.5,35.416666666666664,212.3125,15.975,196.8,185.5,92.46666666666664,256.5,41.4,86.0,37.4,35.5,33.35,57.3875,71.17500000000003,60.9,70.4,29.8,547.0,20.103703703703705,55.6,380.0,250.5,33.6,11.5,161.0,37.2,85.65833333333335,43.00106382978724,130.4,96.6,288.5,62.16666666666666,227.5,43.4,11.034210526315787,98.23333333333332,278.5,347.125,16.59655172413793,16.0,55.1,47.95000000000001,9.2725,20.0875,13.25,24.0,12.214285714285715,11.25,19.18,15.9,209.5,2895.0,103.0,11.35,70.7,86.9,14.15,76.39999999999998,49.7
74.75,9.128333333333334,30.15340909090909,30.725,14.3,273.0,26.9,53.4,106.25,180.75,7.7283333333333335,70.2,24.85,28.9,42.75,108.5,42.05,13.05,18.2,36.75,183.5,439.0,29.8,20.8,47.75,32.05,24.3,24.1,389.0,23.3,19.05,51.9,7.4459523809523835,36.25,10.75,13.65,16.85,60.46666666666667,38.95,31.6,29.0,62.62857142857143,81.23333333333333,48.05,53.0,29.45,22.3,98.0,62.6,14.35,60.85,14.952380952380953,34.95,10.375,11.75,22.5,19.4,224.5,192.0,24.2,9.450666666666667,26.3,8.52,10.0,13.65,19.05,8.215000000000002,18.116666666666667,57.16666666666666,117.5,13.95,49.975,67.2125,18.15,92.7,34.06666666666666,95.0,150.0,36.75,55.7,8.81,105.5,60.6,72.0,425.0,35.45,212.0,15.95,197.5,186.0,92.5,256.5,41.4,86.03333333333335,37.35000000000001,35.5,33.3875,57.3,71.10000000000002,60.9,70.4,29.83,546.0,20.14375,55.7,379.25,250.5,33.55,11.5,161.05,37.223684210526315,85.60624999999997,43.002941176470586,130.39473684210526,96.6,288.5,62.175,227.5,43.4,11.05,98.2,278.875,347.125,16.55,16.0,55.11904761904761,47.92826086956522,9.276363636363635,20.09444444444445,13.25,24.025,12.25,11.255172413793103,19.15714285714285,15.863636363636365,209.5,2895.0,103.0,11.35,70.7,86.9,14.1,76.36,49.7
74.72,9.12625,30.16666666666667,30.75,14.266666666666666,273.0,26.9,53.3,106.5,180.5,7.73,70.21111111111111,24.850000000000005,28.899999999999995,42.8,108.91666666666669,42.0,13.05,18.2,36.8,183.5,438.5,29.8,20.8,47.76000000000001,32.0,24.245454545454546,24.1,390.0,23.25,19.05,51.89999999999999,7.466534653465347,36.3,10.8,13.65,16.9,60.4,38.95,31.6,29.0,62.65000000000001,81.23333333333333,48.08333333333334,52.98,29.5,22.3,98.0,62.6,14.35,60.9,15.0,35.0,10.373076923076924,11.75,22.5,19.4,224.5,190.5,24.2,9.452,26.3,8.514444444444441,10.05,13.65,19.1,8.21888888888889,18.1,57.2,117.5,13.95,50.0,67.2,18.166666666666668,92.76,34.05,94.9,150.0,36.797058823529404,55.7,8.83,105.5,60.7,72.08571428571426,423.5,35.425,212.3125,16.0,197.83333333333331,185.5,92.46666666666664,256.5,41.45,86.0,37.4,35.5,33.4,57.4,71.26666666666667,60.9111111111111,70.44285714285716,29.8,546.0,20.15,55.7,380.0,250.5,33.55,11.5,161.125,37.2,85.66,43.00186567164179,130.38461538461542,96.6,288.5,62.16666666666666,227.0,43.4,11.05,98.2,279.0,347.0,16.56666666666667,16.0,55.1,47.95,9.280909090909091,20.05,13.25,24.0,12.25,11.255263157894735,19.17916666666667,15.9,209.5,2895.0,102.75,11.35,70.67599999999999,86.92500000000003,14.15,76.39999999999998,49.65
74.7,9.12,30.15340909090909,30.725,14.3,273.0,26.899999999999995,53.4,106.5,180.5,7.7283333333333335,70.2,24.85,28.9,42.75,108.5,42.0,13.05,18.2,36.775,183.5,438.5,29.8,20.75,47.75,32.05,24.3,24.1,389.0,23.3,19.05,51.79999999999999,7.47,36.25,10.75,13.65,16.85,60.46666666666667,38.95,31.55,29.0,62.61428571428571,81.2,48.05,53.06666666666666,29.5,22.300000000000004,98.0,62.61666666666667,14.4,60.8,14.952380952380953,34.95,10.375,11.75,22.5,19.4,224.5,190.5,24.2,9.45,26.3,8.520961538461536,10.0,13.65,19.05,8.22,18.15,57.16666666666666,117.5,13.95,50.0,67.2125,18.15,92.78518518518518,34.06666666666666,94.9,150.0,36.8,55.70000000000001,8.81,105.5,60.65000000000001,72.0,425.0,35.45,212.0,15.95,197.875,186.0,92.5,256.5,41.425,86.1,37.35000000000001,35.5,33.5,57.3,71.10000000000002,60.9,70.4,29.83125,546.0,20.15,55.6,379.25,250.5,33.56666666666666,11.461904761904762,161.125,37.21,85.6,42.97222222222222,130.0,96.7,288.5,62.16666666666666,227.5,43.4,11.035714285714288,98.2,278.5,347.0,16.59,16.0,55.1,47.95,9.280370370370369,20.050000000000004,13.25,24.0,12.25,11.25045045045045,19.15,15.866666666666667,209.5,2895.0,103.0,11.35,70.6,87.0,14.15,76.36,49.7
74.72,9.12625,30.15,30.7,14.266666666666666,273.0,26.9,53.3,106.5,180.5,7.73,70.2,24.85,28.85,42.75,108.91666666666669,42.05,13.05,18.2,36.8,183.5,438.5,29.75,20.8,47.76000000000001,32.1,24.245454545454546,24.1,390.0,23.228571428571428,19.095161290322586,51.85,7.474811320754718,36.25,10.8,13.653846153846152,16.85,60.4,38.95,31.575000000000006,29.0,62.6,81.23333333333333,48.08333333333334,53.09,29.45625,22.3,98.0,62.611111111111114,14.35,60.9,15.0,34.975,10.4,11.75,22.5,19.4,224.5,190.0,24.2,9.452,26.3,8.514444444444441,10.05,13.65,19.1,8.21888888888889,18.15,57.1,117.5,13.9,49.941176470588246,67.2,18.15,92.79473684210524,34.05,95.1,150.0,36.795,55.7,8.84,105.5,60.7,72.0,423.5,35.5,212.0,16.0,197.92857142857144,185.5,92.4,256.5,41.4,86.1,37.4,35.5,33.35,57.36666666666667,71.2235294117647,61.0,70.5,29.825000000000006,545.3333333333334,20.15,55.7,379.5,250.5,33.55,11.5,161.0,37.2,85.696875,42.91918604651163,130.1451612903226,96.7,288.5,62.18333333333333,227.5,43.4,11.03125,98.20625,278.8333333333333,347.42857142857144,16.550000000000004,16.0,55.18333333333333,47.95,9.274166666666666,20.1,13.284210526315787,24.032142857142862,12.25,11.254545454545452,19.15555555555555,15.9,209.0,2895.0,102.75,11.35,70.6,86.89999999999998,14.15,76.39999999999998,49.65
74.7,9.11,30.15,30.75,14.3,273.0,26.9,53.4,106.5,180.5,7.73,70.11999999999999,24.85,28.9,42.75454545454546,108.5,42.05,13.05,18.2,36.775,183.5,438.5,29.8,20.75,47.75,32.1,24.3,24.1,390.0,23.2125,19.1,51.8,7.47642126789366,36.25,10.75,13.65,16.85,60.46666666666667,38.95,31.6,29.0,62.6,81.2,48.05,53.1,29.45833333333333,22.3,97.85,62.6,14.35,60.9,15.0,34.95,10.355555555555558,11.75,22.5,19.4,224.5,190.0,24.2,9.45,26.3,8.530983606557374,10.0,13.65,19.05,8.21,18.10444444444445,57.16666666666666,117.07142857142857,13.95,50.0,67.3,18.15,92.83333333333331,34.05,94.9,150.0,36.8,55.7,8.81,105.5,60.65000000000001,72.0,425.0,35.55000000000001,212.0,16.0,198.0,186.0,92.5,256.5,41.425,86.09615384615385,37.35000000000001,35.49285714285714,33.4,57.3,71.1,60.9,70.4,29.83333333333333,545.0,20.146428571428565,55.6,379.25,250.5,33.6,11.5,161.125,37.22,85.65714285714286,42.89999999999999,130.0,96.7,288.5,62.16666666666666,227.5,43.4,11.05,98.2608695652174,279.0,347.0,16.583333333333336,16.0,55.2,47.93611111111111,9.275862068965518,20.08490566037736,13.25,24.0,12.25,11.255357142857141,19.18,15.866666666666667,209.5,2895.0,103.0,11.32391304347826,70.60000000000002,86.95,14.108333333333334,76.36,49.65714285714285
74.72,9.11,30.15,30.71666666666667,14.266666666666666,273.0,26.85,53.3,106.375,180.5,7.73,70.2,24.825000000000006,28.85,42.75,109.0,42.0,13.05,18.2,36.8,183.5,438.5,29.75,20.8,47.76000000000001,32.075,24.245454545454546,24.1,390.0,23.25,19.1,51.85,7.479096209912536,36.25,10.8,13.653846153846152,16.895762711864407,60.4,38.9,31.566666666666666,29.0,62.58571428571428,81.23333333333333,48.05,53.24615384615385,29.48333333333333,22.3,97.7,62.6,14.35,60.8,14.95,34.975,10.35,11.75,22.5,19.4,224.5,190.0,24.2,9.45,26.2625,8.514444444444441,10.025,13.65,19.1,8.22,18.174257425742574,57.29999999999999,117.25,13.925,49.941176470588246,67.2,18.199253731343287,92.89166666666664,34.0425,95.1,150.5,36.8,55.7,8.84,105.0,60.60833333333334,72.0,423.5,35.55,212.0,16.0,198.0,185.5,92.4,256.5,41.4,86.24745762711865,37.35,35.454,33.4,57.31176470588235,71.2235294117647,60.975,70.45,29.8,545.0,20.128125,55.7,379.5,250.5,33.55,11.5,161.0,37.21250000000001,85.63103448275862,42.9,130.0,96.59999999999998,288.5,62.20000000000001,227.5,43.4,11.030319148936169,98.21,278.5,347.42857142857144,16.55,16.0,55.1,47.95,9.275555555555554,20.1,13.25,24.030000000000005,12.25,11.3,19.2,15.8625,209.5,2895.0,102.5,11.35,70.50416666666666,86.9,14.15,76.39999999999998,49.64999999999999
74.8,9.11,30.15,30.7,14.3,273.0,26.9,53.4,106.5,180.5,7.74,70.11999999999999,24.85,28.9,42.8,108.5,42.05,13.05,18.2,36.775,183.5,438.5,29.8,20.8,47.75,32.1,24.3,24.1,389.5,23.23333333333333,19.0875,51.81999999999999,7.506248642779586,36.25,10.8,13.65,16.9,60.4,38.9,31.566666666666666,29.0,62.58484848484849,81.2,48.05,53.26,29.45375,22.3,97.8,62.59285714285714,14.35,60.875,14.95,34.95,10.4,11.7,22.5,19.40180722891566,224.5,190.0,24.2,9.46,26.25,8.530983606557374,10.05,13.7,19.1,8.21,18.15,57.2,117.25,13.9,50.0,67.3,18.18571428571429,92.97727272727272,34.0,94.9,150.0,36.8,55.7,8.81,105.0,60.5,72.0,425.0,35.6,212.0,16.0,198.0,186.0,92.5,256.5,41.425,86.42763157894737,37.35,35.5,33.45,57.3,71.1,60.9,70.4,29.8,544.6666666666666,20.15,55.68000000000001,379.25,250.5,33.55,11.5,161.08333333333334,37.21,85.6,42.95000000000001,130.3125,96.7,288.5,62.12000000000001,227.5,43.4,11.014864864864863,98.225,278.5,347.0,16.592424242424244,16.0,55.065625,47.95,9.272083333333333,20.090000000000003,13.25,24.0,12.25,11.25,19.15,15.9,209.5,2895.0,103.0,11.35,70.51666666666667,86.9,14.108333333333334,76.36,49.65
74.72,9.107368421052632,30.15,30.75,14.266666666666666,273.0,26.85,53.3,106.375,180.5,7.73,70.1,24.825000000000006,28.85,42.75,109.0,42.0,13.05,18.2,36.8,183.5,438.5,29.75,20.8,47.76000000000001,32.1,24.245454545454546,24.1,390.0,23.25,19.1,51.85,7.510125142207053,36.25,10.75,13.65,16.882530120481928,60.4,38.892857142857146,31.55,29.0,62.56578947368421,81.2,48.0,53.4,29.44375,22.3,97.8,62.575,14.35,60.86666666666667,14.95,34.975,10.35,11.7,22.5,19.4,224.5,190.0,24.164285714285718,9.45,26.275,8.53,10.025,13.65,19.05,8.218,18.190073529411762,57.3875,117.5,13.9,49.941176470588246,67.29333333333334,18.2,93.00833333333333,34.054081632653066,95.1,150.0,36.84090909090909,55.7,8.838333333333333,105.0,60.5,71.975,423.0,35.55,212.0,16.0,197.5,185.5,92.5,256.5,41.4,86.5,37.375,35.459259259259255,33.4,57.31176470588235,71.2235294117647,60.975,70.4,29.8,544.6666666666666,20.10384615384616,55.7,379.5,250.5,33.55,11.5,161.3,37.207142857142856,85.64666666666669,42.994736842105254,130.05,96.59999999999998,288.0,62.18333333333334,227.5,43.4,11.0375,98.20000000000002,278.5,346.5,16.55,16.0125,55.1,47.95,9.272962962962962,20.08,13.257692307692306,24.03076923076923,12.25,11.25,19.191666666666666,15.85,209.5,2895.0,102.5625,11.35,70.5,86.9,14.10187969924812,76.39999999999998,49.64999999999999
74.70000000000002,9.104444444444443,30.15,30.7,14.3,273.0,26.9,53.4,106.5,180.5,7.74,70.2,24.85,28.9,42.8,108.5,42.05,13.1,18.25,36.775,183.0,438.5,29.75,20.8,47.75,32.1,24.2,24.1,389.5,23.2,19.1,51.88,7.503608058608059,36.25,10.8,13.63846153846154,16.85,60.4,38.89166666666666,31.6,29.0,62.57352941176471,81.2,48.03333333333333,53.375,29.431818181818176,22.3,97.95,62.6,14.35,60.86428571428571,14.95,34.95,10.35,11.7,22.5,19.35,224.5,190.0,24.2,9.46,26.258333333333336,8.530983606557374,10.05,13.65,19.05,8.21,18.2,57.38,117.33333333333331,13.9,50.0,67.3,18.2,93.1,34.1,94.9,150.0,36.85,55.6,8.84,105.05,60.48181818181818,72.0,425.0,35.6,212.0,16.0,197.57142857142856,185.5,92.5,256.5,41.44285714285713,86.5,37.35,35.4875,33.4,57.3,71.1,60.9,70.5,29.79038461538461,545.0,20.11911764705882,55.68000000000001,379.25,250.5,33.550000000000004,11.471428571428573,161.0,37.2,85.60000000000002,42.96875,130.46153846153842,96.7,288.5,62.24999999999999,227.5,43.4,11.039285714285716,98.20000000000002,278.5,347.0,16.590789473684207,16.0,55.08775510204082,47.95,9.269999999999998,20.1,13.25,24.0,12.225,11.257333333333333,19.15,15.9,209.5,2895.0,103.0,11.35,70.5,86.9,14.1,76.36,49.65
74.8,9.11,30.15,30.7,14.25,273.0,26.85,53.3,106.5,180.5,7.73,70.1,24.825000000000006,28.85,42.75,109.0,41.95,13.125,18.2,36.8,183.5,439.0,29.75,20.8,47.75,32.05,24.18333333333333,24.05,389.5,23.25,19.1,51.96602564102563,7.512133757961783,36.25,10.75,13.648461538461538,16.82857142857143,60.4,38.888461538461534,31.6,29.0,62.5,81.2,48.0,53.39999999999999,29.45,22.3,98.0,62.575,14.35,60.81874999999999,14.95,34.975,10.352631578947367,11.659398496240605,22.5,19.35,224.5,190.0,24.164285714285718,9.454,26.3,8.53,10.025,13.65,19.05,8.209061224489798,18.2,57.3,117.375,13.9,49.95,67.4,18.2,93.0,34.05,95.1,150.0,36.85,55.6,8.838333333333333,105.05555555555556,60.48333333333333,71.9,423.0,35.55,212.0,16.0,197.7173913043478,185.5,92.5,256.0,41.4,86.48333333333332,37.375,35.459259259259255,33.4,57.3875,71.13333333333333,60.975,70.4,29.8,545.0,20.15,55.7,379.5,250.5,33.55,11.4625,161.125,37.2,85.6,42.9470588235294,130.0,96.59999999999998,288.0,62.29999999999999,227.5,43.4,11.048148148148151,98.2909090909091,278.75,346.5,16.55,16.0125,55.2,47.95,9.27,20.054166666666667,13.257692307692306,23.996153846153845,12.21875,11.25,19.16944444444444,15.8625,209.5,2895.0,103.0,11.35,70.51666666666667,86.95714285714287,14.10187969924812,76.4,49.6
74.70000000000002,9.11,30.15,30.7,14.275,273.0,26.9,53.4,106.5,180.5,7.73,70.2,24.80909090909091,28.9,42.7875,108.5,41.95,13.1,18.25,36.775,183.5,438.5,29.766666666666666,20.8,47.75,32.09166666666667,24.2,24.1,389.5,23.2,19.100000000000005,51.92333333333333,7.508971193415638,36.3,10.8,13.65,16.84561403508772,60.4,38.86666666666667,31.58,29.0,62.5,81.2,48.05,53.395,29.35,22.3,97.9,62.6,14.383333333333333,60.85,14.95,34.95,10.35,11.7,22.5,19.35,224.5,190.0,24.2,9.46,26.2625,8.530983606557374,10.05,13.65,19.05,8.20111111111111,18.19705882352941,57.49285714285714,117.0,13.95,50.0,67.4,18.19950495049505,93.0,34.0625,95.1,150.0,36.85,55.6,8.84,105.0,60.4,72.0,425.0,35.6,212.0,15.983333333333333,197.5,186.0,92.5,256.5,41.44285714285713,86.37500000000001,37.35,35.46166666666667,33.4,57.3,71.1,60.9,70.45,29.7875,544.375,20.1375,55.7,379.25,250.5,33.55,11.5,161.1,37.21,85.52741935483873,43.0,130.41666666666666,96.7,288.5,62.29999999999999,227.5,43.35,11.05,98.2,278.6666666666667,347.0,16.572222222222226,16.05,55.2,47.95,9.28014084507042,20.08571428571429,13.3,24.0,12.225,11.275,19.15,15.85,209.5,2890.0,102.57142857142857,11.349999999999998,70.5,86.9375,14.1,76.36,49.58750000000001
74.8,9.11,30.2,30.7,14.25,273.0,26.85,53.3,106.58333333333331,180.5,7.73,70.1,24.825000000000006,28.85,42.75,109.0,41.95,13.125,18.2,36.8,183.5,439.0,29.75,20.75,47.75,32.1,24.18333333333333,24.05,389.5,23.202777777777772,19.1,51.89166666666666,7.501832669322709,36.25,10.75,13.623333333333333,16.85,60.4,38.85,31.564285714285717,29.0,62.5,81.2,48.04,53.319047619047616,29.4,22.3,97.86666666666667,62.55,14.35,60.89999999999999,14.954347826086956,34.975,10.4,11.678787878787878,22.5,19.36117021276596,224.5,190.0,24.164285714285718,9.454,26.3,8.53,10.05,13.65,19.05,8.21,18.200000000000006,57.3,117.33333333333331,13.9,49.95,67.4,18.1675,92.96,34.05,95.1,150.0,36.85,55.6,8.842857142857143,105.0625,60.39999999999999,72.0,423.5,35.55,212.0,16.0,197.7173913043478,186.0,92.5,256.0,41.425,86.4,37.35,35.459259259259255,33.41428571428572,57.36666666666667,71.13333333333333,60.975,70.4,29.75,545.3333333333334,20.15,55.7,379.5,250.5,33.550000000000004,11.5,161.11111111111111,37.22222222222222,85.51379310344828,43.0,130.0,96.6,288.0,62.20000000000001,227.25,43.4,11.03918918918919,98.2,278.5,347.0,16.55,16.0,55.2,47.93793103448276,9.275945945945944,20.06,13.25,23.996153846153845,12.25,11.25,19.15,15.85,209.5,2895.0,102.5,11.346153846153848,70.5,86.99166666666667,14.10187969924812,76.4,49.59545454545454
74.70000000000002,9.11,30.15,30.7,14.275,273.0,26.9,53.4,106.92857142857143,180.5,7.73,70.2,24.80909090909091,28.9,42.775,108.5,41.95,13.15,18.25,36.775,183.5,438.5,29.766666666666666,20.8,47.78333333333333,32.0625,24.2,24.1,389.5,23.25,19.1,51.9,7.502246376811594,36.25,10.8,13.65,16.85,60.4,38.85,31.55,29.0,62.5,81.2,48.0,53.225,29.357142857142854,22.3,97.86666666666667,62.525,14.383333333333333,60.9,14.95,34.95,10.35,11.669230769230769,22.5,19.35,224.5,190.0,24.15833333333333,9.46,26.300000000000004,8.530983606557374,10.05,13.65,19.05,8.21,18.2,57.49285714285714,117.33333333333331,13.95,49.9,67.4,18.197311827956987,92.8,34.05833333333334,95.1,150.0,36.82666666666667,55.6,8.84,105.0,60.375,71.9,425.0,35.5,212.25,16.025,197.5,186.0,92.5,256.5,41.45,86.5,37.4,35.45,33.41875,57.3,71.25,60.9,70.45,29.75,545.6666666666666,20.126666666666665,55.8,379.25,250.5,33.5,11.5,161.25,37.20588235294117,85.5,43.0,130.36206896551724,96.59999999999998,288.5,62.225,226.875,43.4,11.049668874172184,98.2,278.5,347.0,16.592592592592588,16.0,55.2,47.95,9.27,20.1,13.3,23.99814814814815,12.25,11.253521126760564,19.15,15.9,209.5,2895.0,102.5625,11.3,70.5,87.0,14.05,76.4,49.6
74.8,9.12,30.2,30.7,14.25,273.0,26.85,53.3,106.83333333333331,180.5,7.73,70.11999999999999,24.8,28.85,42.75,109.0,41.95,13.1,18.2,36.8,183.5,439.0,29.75,20.75,47.75833333333333,32.05,24.18333333333333,24.05,389.5,23.25,19.11176470588235,51.9,7.4959036144578315,36.25,10.8,13.65,16.85,60.4,38.85,31.55833333333333,29.0,62.49333333333333,81.2,48.0,53.32222222222222,29.35,22.3,97.96666666666664,62.5,14.35,60.85555555555555,15.0,34.975,10.35,11.650234741784038,22.55,19.361875,224.5,190.0,24.164285714285718,9.454,26.3,8.53,10.05,13.65,19.092857142857145,8.217500000000001,18.2,57.5,117.5,13.9,49.95,67.4,18.183333333333334,92.97777777777776,34.05,95.0,150.0,36.825,55.5,8.84,105.125,60.3,71.99310344827587,423.5,35.55,212.0,16.0,197.5,186.0,92.48,256.0,41.44666666666667,86.5,37.38,35.5,33.4,57.36666666666667,71.3,60.975,70.5,29.75,545.8571428571429,20.141176470588235,55.79999999999999,379.5,250.5,33.5,11.5,160.96774193548387,37.20075757575758,85.5,42.962711864406785,130.21428571428572,96.6,288.5,62.23333333333333,226.5,43.4,11.05,98.27,278.875,347.0,16.55,16.0,55.15652173913044,47.98333333333334,9.27,20.09444444444445,13.25,23.95,12.25,11.25,19.176086956521736,15.85,209.5,2895.0,102.5,11.3375,70.5,87.0,14.1,76.4,49.55
74.70000000000002,9.11,30.15,30.75,14.275,273.0,26.885714285714286,53.4,107.0,180.5,7.74,70.11428571428571,24.8,28.9,42.8,108.5,41.95,13.15,18.25,36.775,183.0,438.5,29.766666666666666,20.8,47.78333333333333,32.05,24.2,24.100000000000005,389.5,23.2,19.15,51.9,7.497204968944099,36.25,10.8,13.65,16.9,60.4,38.85,31.55,29.0,62.46666666666667,81.2,48.0,53.325,29.35,22.3,98.0,62.5,14.383333333333333,60.9,14.95,34.95,10.355555555555558,11.65,22.55,19.396210720887247,224.5,190.0,24.15833333333333,9.46,26.3,8.530983606557374,10.05,13.650000000000002,19.05,8.230318471337581,18.216666666666665,57.5,117.33333333333331,13.95,49.925,67.4,18.2,92.95,34.075,95.075,150.0,36.82666666666667,55.6,8.84,105.0,60.3,72.0,425.0,35.5,213.0,16.025,197.64285714285717,186.0,92.5,256.5,41.45,86.4,37.4,35.5,33.41875,57.38571428571429,71.25,61.0,70.4,29.75,547.0,20.1,55.8,379.5,250.5,33.5,11.5,160.83333333333334,37.204054054054055,85.5,42.90434782608696,130.1,96.6,288.5,62.3,226.0,43.4,11.046138996138996,98.2125,278.5,347.0,16.596969696969698,16.0,55.1,48.0,9.276120689655171,20.075000000000006,13.25,24.0,12.216666666666667,11.2,19.15,15.9,209.5,2895.0,102.5,11.329545454545455,70.5,86.975,14.05,76.4,49.55
74.75,9.12,30.2,30.7,14.25,273.5,26.85,53.3,107.0,180.5,7.74,70.11999999999999,24.8,28.85,42.75,109.0,41.99545454545454,13.1,18.2,36.8,182.5,439.5,29.75,20.8,47.75833333333333,32.05,24.18333333333333,24.05,389.5,23.24375,19.15,51.9,7.490598802395207,36.25,10.800000000000002,13.65,16.9,60.4,38.84,31.55833333333333,29.0,62.416,81.2,48.03333333333333,53.38571428571429,29.3875,22.3,98.0,62.6,14.35,60.9,14.95,34.95,10.35,11.65,22.55,19.350000000000005,224.5,191.0,24.15,9.45,26.3,8.523333333333332,10.0,13.65,19.1,8.239102564102563,18.25075757575758,57.6,117.0,13.933333333333332,49.9,67.5,18.195999999999998,93.0,34.0625,95.0,150.0,36.85,55.6,8.84,105.0,60.31428571428571,72.09375,423.5,35.5,212.0,16.0,197.5,186.0,92.48,256.0,41.45,86.5,37.36666666666667,35.45,33.40833333333333,57.29999999999999,71.3,60.9,70.45,29.766666666666666,548.0,20.144444444444442,55.7,379.5,250.5,33.50714285714286,11.484313725490196,160.8,37.2,85.5,42.92166666666667,130.32142857142858,96.59999999999998,288.5,62.271428571428565,226.5,43.35,11.05,98.2,278.75,346.875,16.583333333333332,16.0,55.10000000000001,47.98695652173913,9.269999999999998,20.091666666666672,13.25,23.975,12.225,11.25,19.15,15.872727272727273,209.5,2895.0,102.61111111111113,11.330487804878047,70.5,86.9,14.1,76.4,49.55
74.70000000000002,9.11,30.2,30.725,14.275,273.5833333333333,26.875,53.4,107.0,180.5,7.74,70.2,24.8,28.9,42.8,108.5,41.95,13.15,18.25,36.775,183.0,438.5,29.766666666666666,20.8,47.8,32.05,24.2,24.0625,389.5,23.2,19.15,51.9,7.499239543726237,36.3,10.75,13.65,16.9,60.5,38.82857142857143,31.55,29.0,62.401960784313715,81.2,48.0,53.35,29.3625,22.3,98.0,62.55,14.383333333333333,60.875,14.975,35.0,10.355555555555558,11.65,22.6,19.4,224.5,190.0,24.15833333333333,9.46,26.3,8.522,10.041666666666666,13.650000000000002,19.05,8.23921052631579,18.28333333333333,57.7,117.5,13.9,49.925,67.5,18.195,92.8,34.05,95.0,150.0,36.81785714285714,55.6,8.84,105.0,60.224,72.0,425.0,35.5,213.0,16.025,198.0,186.0,92.5,256.5,41.4,86.5,37.4,35.48333333333333,33.40833333333333,57.35,71.28571428571429,61.0,70.46666666666667,29.75,547.0,20.15,55.73333333333333,379.5,250.5,33.458333333333336,11.5,160.5,37.20384615384616,85.5,42.95555555555556,130.24285714285713,96.6,288.5,62.23333333333333,226.0,43.40000000000001,11.061111111111114,98.2,278.625,347.0,16.55,16.05,55.189473684210526,47.98333333333333,9.272592592592591,20.1,13.291666666666664,23.995454545454546,12.25,11.25,19.15217391304348,15.85,209.5,2895.0,102.5,11.353142857142856,70.5,86.975,14.05,76.4,49.58750000000001
74.8,9.12,30.2,30.7,14.25,274.0,26.85,53.4,107.01960784313722,180.5,7.739259259259257,70.2,24.8,28.85,42.75,109.0,41.95,13.1,18.2,36.8,182.5,439.5,29.775,20.8,47.75833333333333,32.05,24.18333333333333,24.05,389.5,23.202994011976052,19.15,51.88,7.503898809523809,36.3,10.7625,13.65,16.89553571428571,60.5,38.83076923076924,31.575000000000006,29.0,62.3,81.2,48.0,53.28333333333333,29.360000000000007,22.300000000000004,98.0,62.54074074074074,14.35,60.89999999999999,15.0,34.95,10.35,11.623584905660376,22.55,19.363888888888887,224.5,191.0,24.15,9.45857142857143,26.3,8.52,10.0,13.65,19.1,8.239102564102563,18.3,57.76842105263157,117.5,13.933333333333332,49.9,67.44,18.238257575757576,92.93684210526315,34.06666666666666,95.1,150.0,36.8828125,55.6,8.84,105.0,60.2,72.0,425.0,35.5,212.0,16.0,197.5,186.0,92.4,256.0,41.4,86.5,37.35,35.45,33.40833333333333,57.3,71.3,60.9,70.5,29.766666666666666,546.5,20.12391304347826,55.8,379.5,250.5,33.45,11.5,160.5,37.21666666666667,85.53571428571429,42.98,130.44285714285715,96.59999999999998,288.5,62.28571428571429,226.5,43.4,11.05,98.21764705882354,279.0,347.0,16.55,16.0,55.165,47.9888888888889,9.2704,20.1,13.25,23.95,12.210294117647056,11.2,19.15,15.85,210.0,2895.0,102.5,11.362,70.55,86.95,14.1,76.4,49.6
74.8,9.11,30.191666666666666,30.75,14.25,273.86,26.875,53.4,107.40625,180.5,7.74,70.2,24.8,28.85,42.8,108.5,42.0,13.15,18.25,36.775,183.0,438.5,29.766666666666666,20.8,47.8,32.05,24.25,24.0625,389.5,23.19,19.150000000000006,51.81666666666666,7.517199999999997,36.3,10.75,13.65,16.89166666666667,60.5,38.85,31.55,29.0,62.29999999999999,81.2,48.0,53.29090909090908,29.385,22.25,98.0,62.5,14.4,60.9,15.0,35.0,10.35,11.6,22.6,19.4,224.5,190.0,24.15,9.46,26.3,8.53,10.05,13.650000000000002,19.05,8.23,18.300000000000004,57.8,117.375,13.9,49.925,67.45,18.195,92.79999999999998,34.059999999999995,95.1,150.0,36.85,55.60000000000001,8.84,105.0,60.11818181818182,72.0,425.0,35.5,213.0,16.025,198.0,185.5,92.5,256.5,41.4,86.5,37.4,35.4,33.45,57.35,71.28571428571429,61.0,70.49166666666666,29.75,546.8333333333334,20.15,55.8,379.5,250.5,33.40859375,11.5,160.91666666666666,37.2,85.5170731707317,42.9515625,130.25,96.7,288.5,62.3,226.0,43.40000000000001,11.078846153846152,98.26,278.5,347.0,16.59351851851852,16.05,55.17272727272727,47.978571428571435,9.27,20.066666666666674,13.25,23.99375,12.25,11.25,19.149999999999995,15.85,209.5,2895.0,102.5,11.35,70.5,86.93333333333334,14.05,76.4,49.55
74.7,9.101780821917806,30.2,30.75,14.25,274.0,26.9,53.31999999999999,107.21428571428572,180.25,7.74,70.3,24.8,28.85,42.75,108.5,41.95,13.15,18.2,36.8,182.5,439.5,29.775,20.8,47.75833333333333,32.05,24.18333333333333,24.05,390.0,23.20862068965517,19.15,51.9,7.515555555555554,36.25,10.7625,13.65,16.893749999999994,60.6,38.85,31.55,29.05,62.383870967741935,81.15,48.0,53.4,29.350000000000005,22.25,97.96666666666664,62.6,14.4,60.86666666666667,14.95,35.0,10.35,11.65,22.55,19.363888888888887,224.5,191.0,24.2,9.46,26.3,8.52,10.05,13.65,19.1,8.20741935483871,18.3,57.8,117.5,13.949999999999998,49.9,67.42500000000001,18.26644736842105,93.0,34.05357142857143,95.1,150.0,36.85,55.6,8.84,105.0,60.17142857142858,72.0,425.0,35.5,212.0,16.0,197.75,186.0,92.46666666666664,256.0,41.4,86.5,37.4,35.45,33.416666666666664,57.39999999999999,71.26666666666667,61.0,70.48333333333333,29.75,547.0,20.147826086956524,55.7,379.5,250.5,33.4,11.5,160.5,37.21666666666667,85.55333333333331,42.96666666666667,130.4375,96.6,288.5,62.31666666666667,226.16666666666663,43.4,11.05,98.2625,278.75,347.0,16.572222222222226,16.0,55.2,47.99,9.27047619047619,20.0875,13.25,23.9875,12.218181818181815,11.25,19.18846153846154,15.85,210.0,2895.0,103.0,11.362,70.51428571428572,86.98666666666666,14.141666666666666,76.4,49.55
74.8,9.1,30.191666666666666,30.75,14.25,274.0,26.9,53.4,107.0,181.25,7.739999999999998,70.3,24.769354838709678,28.85,42.8,108.5,41.99583333333333,13.15,18.25,36.775,182.5,438.5,29.766666666666666,20.8,47.8,32.05,24.25,24.0625,389.5,23.2,19.15,51.9,7.520933333333333,36.3,10.75,13.65,16.900000000000002,60.75,38.885714285714286,31.525,29.0,62.375,81.1,48.0,53.4,29.35,22.25,97.95,62.5,14.4,60.86666666666667,14.9625,35.0,10.35,11.61036036036036,22.575000000000006,19.35,224.5,190.0,24.2,9.45923076923077,26.27,8.526666666666666,10.05,13.650000000000002,19.1,8.23,18.266666666666666,57.88125,117.5,13.9,49.925,67.4090909090909,18.278187919463086,92.79999999999998,34.05,95.1,150.0,36.8,55.6,8.84,105.0,60.1,72.0,425.0,35.5,213.0,16.025,198.0,185.5,92.5,256.5,41.4,86.5,37.4,35.417857142857144,33.416666666666664,57.4,71.28571428571429,60.96666666666667,70.5,29.75,546.0,20.141666666666666,55.68666666666668,379.5,250.5,33.33484848484849,11.5,160.66666666666666,37.2,85.55263157894737,42.99054054054054,130.32558139534885,96.7,288.5,62.35,226.0,43.40000000000001,11.075,98.2,278.5,347.0,16.592424242424244,16.05,55.14444444444444,47.98660714285714,9.27,20.097500000000004,13.291666666666664,23.994444444444447,12.25,11.248,19.15,15.85,209.5,2895.0,102.5,11.36,70.5,86.96666666666665,14.05,76.4,49.5
74.7,9.1,30.2,30.85,14.25,274.125,26.9,53.31999999999999,106.6,181.5,7.74,70.3,24.7,28.85,42.775,108.5,41.975,13.15,18.2,36.8,182.5,439.5,29.75,20.8,47.75,32.05,24.18333333333333,24.05,390.0,23.20862068965517,19.15,51.9,7.5277108433734945,36.25,10.75,13.65,16.900000000000002,60.8,38.892857142857146,31.55,29.05,62.31999999999999,81.15,48.0,53.34,29.402702702702705,22.25,98.0,62.51428571428572,14.4,60.9,14.95,35.0,10.349999999999998,11.65,22.6,19.361538461538466,224.5,191.0,24.2,9.46,26.3,8.52,10.042857142857144,13.65,19.1,8.20741935483871,18.26185185185185,57.9,117.27272727272728,13.9,49.9,67.42500000000001,18.3,92.95833333333331,34.06666666666666,95.09999999999998,150.0,36.85,55.6,8.84,105.0,60.10000000000001,71.975,425.0,35.45,212.0,16.0,197.83333333333331,186.0,92.46666666666664,256.0,41.4,86.5,37.340625,35.45,33.4,57.4,71.26666666666667,61.0,70.4,29.73913043478261,547.0,20.142857142857142,55.7,379.5,250.75,33.277380952380945,11.5,160.6,37.22727272727273,85.57,42.98125,130.4848484848485,96.7,288.0,62.4,226.0,43.4,11.092,98.20000000000002,278.6666666666667,346.83333333333326,16.590000000000003,16.0,55.19750000000001,47.98958333333334,9.272727272727273,20.057142857142857,13.25,23.95,12.216666666666667,11.24,19.15,15.85,210.0,2895.0,102.83333333333331,11.362,70.52857142857144,87.0,14.141666666666666,76.4,49.55
74.7,9.1,30.191666666666666,30.75,14.25,274.0,26.9,53.4,106.5,181.25,7.739999999999998,70.2,24.62222222222222,28.85,42.8,108.5,41.95652173913044,13.15,18.25,36.775,182.5,438.5,29.766666666666666,20.8,47.76000000000001,32.05,24.25,24.0,389.5,23.2,19.150617283950613,51.9,7.530000000000001,36.3,10.75,13.65,16.883333333333333,60.75,38.90625,31.5,29.05,62.38823529411764,81.1,48.0,53.45399999999999,29.442857142857147,22.25,98.0,62.5,14.4,60.9,15.0,35.0,10.35,11.65,22.575000000000006,19.360526315789475,224.5,190.0,24.2,9.45923076923077,26.3,8.52,10.05,13.650000000000002,19.1,8.22,18.319515669515667,57.8,117.5,13.9,49.925,67.3,18.3,92.87,34.05,95.1,150.0,36.85,55.6,8.84,105.0,60.00535714285714,72.0,425.0,35.40238095238095,213.0,16.0,197.75,185.5,92.5,256.5,41.4,86.5,37.4,35.41041666666667,33.416666666666664,57.4,71.28571428571429,60.92,70.55,29.730357142857148,547.1428571428571,20.15,55.6,379.0,250.0,33.275,11.508,160.5,37.2,85.55555555555556,42.985,130.08333333333334,96.7,288.0,62.26000000000001,226.0,43.40000000000001,11.1,98.2,278.75,347.0,16.59,16.0,55.20000000000001,48.0,9.27391304347826,20.058695652173913,13.25,23.976923076923075,12.25,11.25,19.2,15.85,209.5,2895.0,102.5,11.4,70.525,86.98333333333332,14.1,76.4,49.5
74.75,9.1,30.2,30.85,14.3,274.0,26.85,53.31999999999999,106.83333333333331,181.5,7.739999999999998,70.3,24.6,28.85,42.8,108.5,41.975,13.15,18.2,36.8,182.5,439.5,29.75,20.8,47.75,32.05,24.18333333333333,24.05,390.0,23.24411764705882,19.172222222222217,51.9,7.541684587813621,36.25,10.75,13.65,16.944642857142856,60.8,38.93636363636364,31.55,29.05,62.464285714285715,81.15,48.0,53.55333333333333,29.5,22.25,98.0,62.51428571428572,14.4,60.83913043478261,14.95,35.0,10.35,11.65,22.6,19.35,224.5,191.0,24.15,9.46,26.3,8.521666666666668,10.041666666666666,13.690983606557376,19.1,8.20741935483871,18.4,57.882352941176464,117.5,13.9,49.9,67.42500000000001,18.293506493506488,92.94,34.06666666666666,95.09999999999998,150.0,36.85,55.6,8.84,105.0,59.99189189189189,71.97500000000002,425.0,35.45,212.0,16.0,197.83333333333331,186.0,92.46666666666664,256.0,41.4,86.40322580645163,37.35,35.45,33.4,57.4,71.26666666666667,61.0,70.6,29.7,547.0,20.15,55.7,379.5,250.75,33.25,11.5,161.0,37.222727272727276,85.57142857142857,42.965625,130.16666666666666,96.675,288.0,62.38333333333333,226.0,43.4,11.05,98.20000000000002,278.5,346.83333333333326,16.569444444444443,16.0,55.16153846153847,48.0,9.27,20.075,13.3,23.99,12.25,11.25,19.165,15.891666666666666,210.0,2895.0,102.625,11.354473684210525,70.50961538461539,87.0,14.12,76.4,49.55
74.7,9.11,30.191666666666666,30.85,14.25,274.0,26.85,53.4,106.5,181.25,7.739999999999998,70.2,24.6,28.85,42.8,108.5,41.95652173913044,13.15,18.25,36.775,182.5,438.5,29.766666666666666,20.8,47.76000000000001,32.1,24.25,24.0,389.5,23.241666666666664,19.2,51.86086956521739,7.556360655737706,36.3,10.7825,13.65,16.95,60.7,38.8,31.516666666666666,29.05,62.48571428571428,81.1,48.0,53.70000000000001,29.5,22.25,98.0,62.5,14.4,60.81923076923076,15.0,35.0,10.35,11.65,22.575000000000006,19.360526315789475,224.5,190.0,24.2,9.45923076923077,26.2561403508772,8.53,10.05,13.65,19.05,8.218461538461538,18.4,57.7,117.375,13.94375,49.95,67.2,18.253030303030304,92.8,34.0625,95.1,150.0,36.85,55.6,8.84,104.85714285714286,60.22222222222222,72.1,425.0,35.40238095238095,212.55,16.0,197.58333333333331,185.5,92.5,256.5,41.35,86.40000000000002,37.4,35.41041666666667,33.458333333333336,57.42857142857143,71.4,61.0,70.57499999999997,29.7,548.0,20.14375,55.6,379.0,250.25,33.26851851851852,11.5,160.75,37.22727272727273,85.59599999999998,42.95555555555556,130.38095238095238,96.6,288.5,62.4,226.0,43.40000000000001,11.05,98.2,279.0,347.0,16.55,16.0,55.2,47.96904761904763,9.269999999999998,20.0625,13.25,23.95,12.25,11.25,19.166666666666668,15.85,210.0,2895.0,103.0,11.349999999999998,70.6,87.0125,14.1,76.4,49.45
74.8,9.1,30.2,30.85,14.3,274.0,26.826000000000004,53.31999999999999,106.5,181.5,7.74,70.3,24.600000000000005,28.85,42.8,108.42857142857143,42.0,13.15,18.25,36.8,182.5,439.5,29.75,20.8,47.75,32.05,24.18333333333333,24.0,390.0,23.2,19.15388601036269,51.9,7.564194312796209,36.35,10.75,13.65,16.931012658227846,60.8,38.8,31.5,29.05,62.4875,81.2,48.0,53.725,29.5,22.25,98.0,62.51428571428572,14.4,60.85416666666666,15.0,35.0,10.35,11.65,22.6,19.36078431372549,224.0,191.25,24.15,9.46,26.300000000000004,8.521666666666668,10.041666666666666,13.696296296296294,19.05,8.20741935483871,18.43457943925233,57.78,117.4,13.9,49.9,67.22222222222223,18.297142857142852,92.88,34.06875,95.2,150.0,36.85,55.6,8.82,104.71428571428572,60.21666666666667,71.97500000000002,425.0,35.45,212.0,16.0,197.83333333333331,186.0,92.46666666666664,256.0,41.35,86.39545454545454,37.35,35.41739130434783,33.5,57.411764705882355,71.26666666666667,61.0,70.5,29.75,548.0,20.15,55.7,379.5,250.75,33.25,11.5,160.64285714285714,37.21,85.56666666666666,42.978571428571435,130.3875,96.6,288.5,62.32499999999999,226.0,43.4,11.057333333333334,98.2,278.625,347.0,16.580769230769235,16.0,55.2,48.0,9.272857142857145,20.097058823529405,13.300000000000002,23.988888888888887,12.202499999999995,11.25,19.18,15.85,210.0,2900.0,102.5,11.35,70.5,87.0,14.12,76.4,49.55
74.75,9.11,30.191666666666666,30.8,14.25,274.0,26.85,53.5,106.5,181.25,7.739999999999998,70.2,24.6,28.875,42.75,108.5,41.95652173913044,13.15,18.25,36.775,182.5,438.5,29.8,20.8,47.76000000000001,32.1,24.25,24.0,389.5,23.2,19.15,51.90000000000001,7.57405750798722,36.3,10.7825,13.7,16.902380952380952,60.7,38.8,31.5,29.05,62.4,81.12307692307692,48.0,53.78214285714285,29.508888888888887,22.25,98.0,62.5,14.4,60.9,15.0,35.0,10.35,11.65,22.575000000000006,19.360526315789475,224.0,190.0,24.164285714285718,9.45,26.282142857142855,8.52,10.05,13.65,19.05,8.218461538461538,18.398026315789476,57.9,117.33333333333331,13.95,49.95,67.2,18.3,92.85,34.05769230769231,95.1,150.0,36.9,55.6,8.84,104.5,60.08181818181819,72.1,425.0,35.5,212.0,16.0,198.0,185.5,92.5,256.5,41.3,86.3,37.4,35.41041666666667,33.458333333333336,57.4,71.4,60.96666666666667,70.6,29.74285714285714,548.0,20.1225,55.6,379.0,250.25,33.26363636363636,11.5,160.5,37.222727272727276,85.57999999999998,42.99933774834437,130.28125,96.65,288.5,62.35,226.0,43.41875,11.066666666666668,98.33333333333331,278.7,347.0,16.55,16.025,55.19069767441861,47.999,9.27,20.066666666666674,13.254166666666668,23.99642857142857,12.209090909090907,11.25,19.15714285714285,15.852941176470587,210.0,2904.166666666666,102.5,11.349999999999998,70.53333333333335,87.00833333333333,14.1,76.39999999999998,49.46250000000001
74.79107142857143,9.1,30.2,30.85,14.3,274.0,26.9,53.31999999999999,106.625,181.5,7.740000000000001,70.3,24.600000000000005,28.9,42.775,108.42857142857143,42.0,13.15,18.2,36.8,182.5,439.5,29.8,20.8,47.75,32.1,24.25,24.0,390.0,23.245454545454546,19.15,51.89999999999999,7.570032362459546,36.35,10.75,13.65,16.948039215686272,60.8,38.79999999999999,31.53333333333333,29.07857142857143,62.496428571428574,81.2,48.0,53.76734693877552,29.55,22.3,97.8,62.5,14.35,60.9,15.0,35.0,10.35,11.65,22.5875,19.35,224.0,191.25,24.15,9.46,26.26142857142857,8.521666666666668,10.0,13.65,19.075000000000006,8.20741935483871,18.428125,57.6,117.0,13.95,49.9,67.2,18.3,92.9,34.05,95.2,150.0,36.9,55.6,8.83,104.5,60.00909090909091,72.05,425.0,35.5,212.0,16.0,198.0,186.0,92.46666666666664,256.0,41.35,86.3,37.35,35.41739130434783,33.4,57.45,71.33333333333333,61.0,70.5,29.738461538461536,548.0,20.102631578947367,55.7,379.5,250.75,33.25,11.5,160.75,37.21,85.54666666666667,43.08159806295401,130.5,96.7,288.5,62.3625,226.0,43.4,11.05,98.3090909090909,279.0,347.0,16.55,16.05,55.2,47.978571428571435,9.270454545454543,20.1,13.25,23.97,12.2,11.223529411764707,19.17,15.9,210.0,2905.0,103.0,11.35,70.51538461538463,87.1,14.12,76.39999999999998,49.48333333333333
74.79999999999998,9.12,30.191666666666666,30.8,14.25,273.5,26.85,53.5,107.0,181.25,7.73,70.2,24.6,28.875,42.75,108.5,41.95652173913044,13.15,18.25,36.775,182.5,438.5,29.8,20.8,47.76000000000001,32.1,24.25,24.0,389.75,23.25,19.15,51.9,7.580930232558139,36.3,10.75,13.65,16.90555555555555,60.7,38.875,31.5,29.05,62.6,81.12307692307692,48.0,53.75652173913043,29.54583333333333,22.3,97.9,62.58333333333334,14.4,60.90000000000001,15.0,35.0,10.35,11.65,22.575000000000006,19.35,224.0,190.0,24.164285714285718,9.47,26.2515625,8.52076923076923,10.04375,13.65,19.05,8.21,18.45,57.8,117.4,13.9,49.9,67.15,18.317832167832172,93.05,34.05,95.18333333333334,150.0,36.86000000000001,55.6,8.84,104.5,60.0,72.0,425.0,35.5,212.0,16.0,197.5,185.75,92.5,256.5,41.3,86.3,37.4,35.4,33.4,57.45,71.33333333333333,61.0,70.55,29.73333333333333,548.0,20.119565217391305,55.6962962962963,379.0,250.25,33.25,11.5,160.77272727272728,37.2,85.52333333333333,43.17588235294118,130.2887323943662,96.65,288.375,62.36666666666667,226.0,43.41875,11.05,98.3,279.0,346.5,16.55,16.05,55.1909090909091,47.98333333333333,9.2725,20.065,13.3,23.95,12.25,11.25,19.19772727272727,15.9,210.0,2904.166666666666,102.5,11.349999999999998,70.5,87.0,14.15,76.39999999999998,49.5
74.79107142857143,9.12,30.2,30.85,14.3,274.0,26.9,53.31999999999999,107.0,181.5,7.74,70.3,24.600000000000005,28.9,42.775,108.5,42.0,13.15,18.2,36.8,182.5,439.5,29.8,20.8,47.8,32.1,24.25,24.025,390.0,23.23611111111111,19.15,51.9,7.582465753424658,36.25,10.798809523809524,13.65,16.9,60.8,38.88461538461538,31.550000000000004,29.05,62.60000000000001,81.2,48.0,53.661538461538456,29.53,22.3,97.93333333333334,62.5,14.35,60.89230769230768,14.95,35.0,10.35,11.61216216216216,22.566666666666666,19.321739130434786,224.0,191.0,24.15,9.47,26.25,8.520555555555552,10.0,13.65,19.05,8.227857142857143,18.49140625,57.8,117.5,13.95,49.9,67.1,18.3,93.09999999999998,34.05,95.15,150.0,36.85,55.61428571428571,8.82,104.57142857142857,59.98,72.1,425.0,35.5,212.0,16.0,197.5,186.0,92.46666666666664,256.0,41.3,86.39999999999998,37.38,35.4,33.45,57.46666666666667,71.4,61.0,70.6,29.75,548.0,20.15,55.70322580645161,379.5,250.5,33.25909090909091,11.5,160.75,37.2,85.5842105263158,43.18697674418605,130.44583333333333,96.7,288.5,62.4,226.0,43.4,11.050574712643678,98.31333333333332,279.0,346.83333333333326,16.55,16.0,55.2,47.978571428571435,9.27,20.1,13.25,23.97333333333333,12.207692307692305,11.25,19.183333333333334,15.900000000000002,209.5,2907.5,103.0,11.35,70.51428571428572,87.01666666666668,14.12,76.5,49.5
74.79999999999998,9.13,30.191666666666666,30.8,14.25,273.5,26.85,53.5,107.0,181.25,7.74,70.16666666666667,24.6,28.85,42.75,108.5,42.0,13.15,18.25,36.775,182.5,438.5,29.8,20.8,47.76000000000001,32.1,24.25,24.0,389.75,23.2,19.15,51.9,7.598732106339469,36.3,10.75,13.675,16.95,60.8,38.9,31.5,29.05,62.6,81.12307692307692,48.0,53.66666666666666,29.54583333333333,22.300000000000004,97.9,62.58333333333334,14.4,60.9,14.95,35.0,10.35,11.65,22.575000000000006,19.35,224.0,191.0,24.164285714285718,9.47,26.299019607843142,8.523333333333332,10.05,13.65,19.05,8.21,18.493055555555557,57.9,117.5,13.9,49.9,67.1,18.35,93.38076923076923,34.05,95.1,150.0,36.86000000000001,55.718965517241394,8.84,104.5,59.9,72.1,425.0,35.5,212.0,16.0,197.5,185.75,92.5,256.5,41.3,86.4,37.4,35.4,33.40833333333333,57.472727272727276,71.33333333333333,61.0,70.5,29.75,547.5,20.15,55.6962962962963,379.0,250.0,33.25,11.5,160.875,37.21250000000001,85.6,43.17741935483871,130.43303571428572,96.64,288.25,62.39999999999999,226.0,43.45,11.05,98.31,279.3333333333333,347.0,16.595192307692304,16.0,55.2,47.99193548387096,9.271538461538462,20.0625,13.28913043478261,23.99230769230769,12.208333333333336,11.21,19.1875,15.9,210.0,2904.166666666666,102.66666666666669,11.35,70.50434782608696,87.0,14.15,76.39999999999998,49.49166666666667
74.79107142857143,9.12,30.2,30.85,14.3,274.0,26.9,53.31999999999999,106.5,181.5,7.73,70.3,24.600000000000005,28.85,42.8,108.5,42.0,13.1,18.2,36.8,182.5,439.5,29.75,20.75,47.8,32.1,24.25,24.025,390.0,23.2,19.15,51.9,7.638237704918032,36.25,10.75,13.65,16.93,60.8,38.9,31.5,29.05,62.71304347826087,81.2,48.04166666666666,53.6909090909091,29.5,22.292857142857148,97.9,62.6,14.4,60.89999999999999,15.0,34.95,10.366666666666667,11.65,22.566666666666666,19.35,224.0,191.0,24.16666666666667,9.461666666666668,26.25909090909091,8.52090909090909,10.045454545454543,13.65,19.05,8.227857142857143,18.5,57.9,117.5,13.95,49.9,67.1,18.320370370370373,93.42142857142859,34.06428571428571,95.1,150.0,36.891666666666666,55.725,8.83,104.5,59.98,72.1,425.0,35.5,212.0,16.016666666666666,197.5,186.0,92.4,256.0,41.3,86.3,37.4,35.45,33.46666666666667,57.5,71.24999999999999,60.91666666666666,70.56666666666666,29.716666666666665,547.0666666666667,20.140384615384615,55.7,379.5,250.5,33.25,11.5,160.7,37.2,85.60290697674418,43.18461538461538,130.5,96.6,288.5,62.38,226.0,43.45,11.053571428571427,98.29999999999998,279.0,347.0,16.597244094488193,16.0,55.20000000000001,47.97500000000001,9.270370370370369,20.07,13.25,24.0,12.25,11.25,19.17941176470588,15.8625,210.0,2907.5,103.0,11.35,70.52727272727272,87.01666666666668,14.15,76.5,49.5
74.8,9.13,30.191666666666666,30.83333333333333,14.25,273.5,26.85,53.5,107.0,181.25,7.730000000000001,70.3,24.6,28.85,42.75,108.5,42.0,13.15,18.25,36.775,182.5,438.5,29.8,20.8,47.7,32.1,24.25,24.0,389.75,23.194117647058825,19.156818181818174,51.9,7.635401069518716,36.3,10.75,13.65,16.925,60.8,38.90000000000001,31.5,29.05,62.81785714285714,81.15,48.0,53.61818181818182,29.5,22.25,97.96666666666664,62.55,14.4,60.89333333333333,14.95,35.0,10.4,11.65,22.55,19.316666666666666,224.5,191.0,24.164285714285718,9.47,26.264285714285712,8.52111111111111,10.042857142857144,13.650000000000002,19.05,8.23,18.528846153846157,58.0,117.25,13.9,49.9,67.1,18.35,93.48157894736843,34.05,95.1,150.4,36.85,55.718965517241394,8.84,104.5,59.9,72.1,425.0,35.5,212.16666666666663,16.0,197.85714285714286,185.75,92.5,256.5,41.34166666666667,86.3,37.4,35.45,33.4,57.41666666666666,71.1,61.0,70.6,29.70294117647059,546.0,20.15,55.66666666666666,379.0,250.0,33.25,11.5,160.5,37.21666666666667,85.7,43.16,130.43684210526317,96.63333333333333,288.25,62.325,226.0,43.45,11.076315789473684,98.3,279.3333333333333,347.0,16.572222222222226,16.05,55.2,48.0,9.270777202072537,20.05,13.25,24.024358974358968,12.246456692913384,11.24375,19.15625,15.85,209.91666666666663,2904.166666666666,102.66666666666669,11.35,70.5,87.0,14.15,76.39999999999998,49.49166666666667
74.8,9.12,30.2,30.85,14.3,274.0,26.85,53.5,106.75,181.5,7.73,70.3,24.600000000000005,28.85,42.8,108.5,41.95,13.15,18.2,36.8,182.5,440.0,29.75,20.75,47.8,32.1,24.25,24.025,389.5,23.2,19.1875,51.9,7.652810180275716,36.25,10.75,13.65,16.948245614035088,60.8,38.885714285714286,31.55,29.05,62.84374999999999,81.112,48.01666666666667,53.52857142857143,29.5,22.285,97.95,62.56666666666667,14.4,60.8,15.0,34.95,10.35,11.65,22.6,19.32857142857143,224.0,191.0,24.16666666666667,9.47,26.2842105263158,8.52,10.042857142857144,13.65,19.05,8.230322580645161,18.59606741573034,58.0,117.08333333333331,13.925,49.93333333333334,67.1,18.35,93.40000000000002,34.0625,95.0,150.25,36.85,55.73333333333333,8.84,104.55,59.9,72.1,425.0,35.5,212.0,16.0,198.0,186.0,92.4,256.0,41.3,86.41,37.41428571428571,35.40869565217392,33.4,57.4,71.19090909090909,60.91666666666666,70.56666666666666,29.73833333333333,546.5,20.1475,55.65000000000001,379.5,250.5,33.25,11.5,160.6,37.20277777777777,85.70000000000002,43.13399999999999,130.41666666666666,96.6,288.5,62.4,226.0,43.45,11.066666666666668,98.3,279.25,347.0,16.589583333333334,16.05,55.2,47.96034482758621,9.270454545454543,20.06153846153846,13.266666666666666,24.0,12.25,11.25,19.16,15.85,209.5,2907.5,102.61111111111113,11.35,70.5,86.9923076923077,14.142857142857142,76.5,49.5
74.8,9.13625,30.191666666666666,30.83333333333333,14.25,274.5,26.85,53.5,107.0,181.25,7.73,70.3,24.6,28.85,42.75,108.75,42.0,13.15,18.25,36.775,182.5,438.5,29.8,20.8,47.7,32.15,24.25,24.05,389.5,23.15,19.177272727272726,51.9,7.660833333333333,36.3,10.75,13.679999999999998,16.95,60.76000000000001,38.9,31.5,29.05,62.88571428571429,81.15,48.0,53.585714285714296,29.5,22.28333333333333,98.0,62.6,14.4,60.88888888888889,14.95,35.0,10.35,11.65,22.58333333333333,19.360810810810808,224.5,191.0,24.164285714285718,9.47,26.266107382550334,8.52,10.045378151260506,13.697619047619044,19.05,8.22,18.581081081081077,58.2,117.5,13.95,49.9,67.1125,18.33333333333333,93.39629629629631,34.05,95.1,150.0,36.825,55.76666666666667,8.84,104.5625,59.94,72.1,425.0,35.5,212.16666666666663,16.0,197.75,186.0,92.3,256.5,41.34166666666667,86.5,37.45,35.45,33.5,57.48333333333333,71.3,61.01000000000001,70.55,29.7,546.0,20.10346153846154,55.7,379.0,251.0,33.255,11.5,160.7,37.214285714285715,85.70000000000002,43.1,130.5,96.63333333333333,288.5,62.44545454545455,226.0,43.45,11.05,98.3,279.0,347.0,16.572222222222226,16.025,55.2,47.9765625,9.273478260869565,20.05,13.3,23.996666666666666,12.25,11.25,19.2,15.85,209.91666666666663,2910.0,103.0,11.35,70.52000000000002,87.0,14.15,76.39999999999998,49.5
74.7923076923077,9.12,30.2,30.85,14.3,273.9,26.85,53.5,106.91666666666669,181.5,7.73,70.3,24.600000000000005,28.9,42.85,108.5,41.95,13.146296296296294,18.2,36.8,182.5,440.0,29.75,20.75,47.7,32.15,24.25,24.025,389.5,23.2,19.200000000000006,51.9,7.681537376586743,36.25,10.75,13.65,16.94298245614035,60.8,38.87142857142858,31.55,29.05,62.91666666666666,81.112,48.01666666666667,53.52,29.45,22.25,98.0,62.6,14.4,60.9,14.95,35.0,10.35,11.65,22.6,19.35,224.0,191.0,24.15,9.47,26.28333333333333,8.52,10.040909090909091,13.65,19.05,8.23,18.6198717948718,58.22727272727273,117.5,13.916666666666664,49.925,67.1,18.33655913978495,93.3125,34.05,95.0,150.0,36.86363636363637,55.75,8.85,104.5,59.899999999999984,72.0,425.0,35.5,212.0,16.0,197.85714285714286,186.0,92.4,256.0,41.3,86.525,37.41428571428571,35.40499999999999,33.4,57.425,71.19090909090909,61.0125,70.56666666666666,29.75,545.2,20.15,55.65000000000001,379.5,250.5,33.25,11.490243902439024,160.5,37.2,85.64117647058823,43.125,130.27777777777777,96.7,288.5,62.39999999999999,226.0,43.45,11.05,98.3,279.5,346.5,16.55,16.05,55.16666666666666,48.0,9.27,20.100000000000005,13.269444444444444,23.975,12.25,11.23,19.175,15.85,209.75,2907.5,102.5625,11.35,70.51304347826088,87.0,14.142857142857142,76.5,49.5
74.8,9.134,30.191666666666666,30.85,14.25,274.0,26.85,53.5,106.5,182.0,7.735,70.4,24.6,28.85,42.75,108.75,41.95,13.15,18.25,36.775,182.5,439.5,29.8,20.75,47.65,32.15,24.25,24.05,389.5,23.15,19.172500000000007,51.9,7.698601398601397,36.3,10.75,13.65,16.95,60.76000000000001,38.9,31.5,29.05,63.036585365853654,81.15,48.0,53.56363636363637,29.45,22.25,98.0,62.5,14.4,60.9,14.95,35.0,10.35,11.65,22.55,19.360810810810808,224.5,191.0,24.15,9.46,26.25,8.52,10.045378151260506,13.65,19.05,8.21,18.631395348837213,58.1,117.5,13.9,49.9,67.1125,18.35,93.3,34.05,95.1,150.0,36.85,55.7,8.84,104.5,59.9,72.1,425.0,35.5,212.16666666666663,16.0,198.0,186.0,92.3,256.5,41.3,86.59999999999998,37.45,35.47857142857144,33.45,57.40000000000001,71.3,61.0,70.56666666666666,29.73225806451613,545.6666666666666,20.15,55.7,379.5,250.5,33.25,11.5,160.76666666666668,37.2,85.6875,43.11805555555557,130.5,96.65,288.5,62.5,226.0,43.45,11.05,98.3,279.0,347.0,16.59444444444445,16.025,55.2,47.981428571428566,9.269999999999998,20.086,13.3,24.0,12.2,11.25,19.17,15.86,209.91666666666663,2910.0,103.0,11.396875,70.51111111111112,87.0,14.15,76.39999999999998,49.5
74.8,9.135833333333334,30.2,30.85,14.3,273.5,26.85,53.5,106.5,182.0,7.73,70.4,24.600000000000005,28.9,42.85,108.5,41.95,13.14,18.2,36.8,182.5,440.0,29.8,20.75,47.65,32.15,24.25,24.0,389.5,23.15121951219512,19.171428571428574,51.9,7.738636363636362,36.3,10.75,13.65,16.9,60.8,38.833333333333336,31.55,29.05,63.21375000000001,81.112,48.0,53.58235294117648,29.475,22.29375,98.0,62.50819672131147,14.4,60.88888888888889,14.95,34.975,10.4,11.65,22.55,19.35,224.0,191.0,24.15,9.47,26.27,8.52,10.046428571428573,13.65,19.0625,8.21,18.59927536231884,58.1,117.5,13.945833333333333,49.94285714285714,67.1,18.35,93.4,34.05,95.0,150.0,36.89444444444445,55.72941176470589,8.85,104.57142857142857,59.9,72.1,425.0,35.5,212.0,16.0,197.83333333333331,186.0,92.4,256.0,41.3,86.6,37.41,35.40499999999999,33.45,57.45,71.19090909090909,61.1,70.5,29.75,546.0,20.149999999999995,55.65000000000001,379.5,250.5,33.28333333333333,11.5,160.625,37.21842105263159,85.7,43.10555555555556,130.5,96.7,288.5,62.43846153846154,226.0,43.45,11.061538461538463,98.3,279.3333333333333,346.5,16.59,16.05,55.21,47.9640625,9.272857142857145,20.065384615384616,13.2875,23.95,12.25,11.25,19.15,15.9,209.75,2908.333333333333,103.0,11.35,70.59285714285714,87.0,14.142857142857142,76.5,49.5
74.8,9.13,30.191666666666666,30.85,14.25,274.0,26.85,53.5,106.5,182.0,7.73,70.4,24.6,28.85,42.75,108.75,41.95,13.15,18.25,36.775,183.0,439.5,29.8,20.75,47.7,32.15,24.25,24.05,389.5,23.2,19.2,51.9,7.732213114754098,36.3,10.728571428571428,13.65,16.976984126984128,60.8,38.9,31.5,29.1,63.17407407407408,81.15,48.0,53.5,29.45,22.28333333333333,98.1,62.4,14.4,60.9,15.0,35.0,10.366666666666667,11.65,22.55,19.35,224.5,191.0,24.18333333333333,9.45,26.293750000000006,8.52,10.04375,13.65,19.05,8.21,18.575000000000006,58.1,117.5,13.9,49.9,67.2,18.36065891472868,93.3,34.04999999999999,95.1,150.33333333333334,36.9,55.7,8.85,104.5,59.846153846153854,72.1,425.0,35.45,212.16666666666663,16.0,198.0,185.5,92.3,256.5,41.3,86.60000000000002,37.45,35.4,33.45,57.4,71.3,61.102777777777774,70.6,29.75,545.0666666666667,20.15,55.7,379.5,250.5,33.27222222222222,11.5,160.86363636363637,37.204166666666666,85.62368421052629,43.084444444444436,130.5,96.66,288.5,62.35,226.0,43.5,11.05,98.3,279.0,346.91666666666674,16.55,16.0,55.2,48.0,9.269999999999998,20.1,13.3,23.9975,12.25,11.25,19.166666666666668,15.85,210.0,2908.333333333333,102.5,11.396875,70.505,86.95,14.10625,76.4,49.5
74.8,9.135833333333334,30.2,30.8,14.3,274.0,26.80454545454546,53.5,106.5,182.0,7.73,70.2,24.600000000000005,28.9,42.85,108.5,41.95,13.14,18.25,36.8,183.0,440.0,29.75,20.75,47.7,32.175,24.25,24.0,390.0,23.151815181518153,19.2,51.86666666666667,7.7229600000000005,36.3,10.75,13.65,16.95,60.8,38.9,31.525,29.1,63.2,81.112,48.0,53.558823529411775,29.45,22.25,98.09999999999998,62.40689655172413,14.4,60.9,14.975,34.98888888888889,10.35,11.65,22.55,19.363235294117647,224.0,191.0,24.15,9.47,26.300000000000004,8.52,10.041666666666666,13.65,19.073913043478264,8.21,18.591379310344827,58.0,117.08333333333331,13.9,49.94285714285714,67.1,18.35,93.16666666666669,34.025,95.0,150.8,36.9,55.72941176470589,8.85,104.55,59.79999999999999,72.1,425.0,35.5,213.0,16.0,198.0,186.0,92.4,256.0,41.3,86.5125,37.4,35.5,33.4,57.4,71.28333333333333,61.1,70.5,29.75,544.0,20.15,55.8,379.5,250.5,33.28333333333333,11.52,160.83333333333334,37.21111111111111,85.60444444444444,43.1,130.5,96.7,288.5,62.36666666666667,226.0,43.45,11.064705882352943,98.29999999999998,279.0,347.0,16.59444444444445,16.0,55.18333333333333,48.0,9.273333333333332,20.0875,13.25,23.95,12.25,11.2,19.15,15.9,209.5,2908.333333333333,102.5,11.35,70.51,87.0,14.15,76.5,49.52391304347826
74.8,9.13,30.2,30.85,14.25,274.0,26.8,53.5,106.5,182.0,7.73,70.4,24.6,28.85,42.75,108.75,41.95,13.15,18.25,36.775,183.0,439.5,29.8,20.75,47.7,32.2,24.25,24.05,389.5,23.15,19.2,51.93333333333334,7.715052631578947,36.3,10.728571428571428,13.651923076923074,16.998039215686273,60.75,38.9,31.55,29.05,63.3581081081081,81.15,48.021428571428565,53.6,29.45,22.28125,98.1,62.31666666666666,14.4,60.9,15.0,35.0,10.379411764705884,11.65,22.55,19.35,224.5,191.0,24.18333333333333,9.45,26.25,8.52,10.05,13.65,19.05,8.24,18.585714285714285,58.1,117.5,13.945454545454545,49.9,67.2,18.378481012658227,93.1,34.025,95.1,150.33333333333334,36.9,55.7,8.85,104.5,59.9,72.1,425.0,35.45,212.16666666666663,16.0,198.16666666666663,185.5,92.3,256.5,41.3,86.44166666666666,37.45,35.4,33.4,57.4,71.3,61.1,70.5,29.75,543.0,20.15,55.78333333333333,379.5,250.5,33.27222222222222,11.508333333333333,160.5,37.20555555555556,85.6857142857143,43.08636363636364,130.5,96.66666666666669,288.5,62.37142857142857,226.0,43.5,11.068292682926831,98.3,279.0,347.0,16.55,16.0,55.19687500000001,48.0,9.27475,20.07,13.266666666666667,23.99375,12.25,11.25,19.15,15.85,210.0,2910.0,102.5,11.349509803921569,70.50384615384615,86.98333333333332,14.15,76.4,49.5
74.8,9.14,30.2,30.85,14.3,274.0,26.8,53.5,106.5,182.0,7.73,70.2,24.600000000000005,28.9,42.85,108.5,41.95,13.14,18.25,36.8,183.0,440.0,29.75,20.75,47.7,32.18333333333334,24.25,24.05,390.0,23.1,19.200000000000006,51.95,7.703648648648648,36.35,10.716666666666663,13.65,16.924999999999994,60.709090909090904,38.89999999999999,31.53333333333333,29.05,63.5,81.112,48.0,53.65200000000001,29.4,22.25,98.15,62.3,14.4,60.86666666666667,14.975,34.98888888888889,10.4,11.61315789473684,22.55,19.309375,224.0,191.0,24.15,9.47,26.25,8.52,10.045,13.65,19.075000000000006,8.237272727272728,18.5968085106383,58.1,117.5,13.916666666666664,49.9,67.22857142857143,18.348148148148148,93.1,34.016666666666666,95.0,150.0,36.9,55.7,8.84,104.57142857142857,59.8,72.1,425.0,35.5,213.0,16.0,198.5,186.0,92.4,256.0,41.3,86.5,37.4,35.5,33.4,57.45,71.4,61.1,70.5,29.75714285714286,542.5555555555555,20.148913043478263,55.68571428571429,379.5,250.5,33.26428571428571,11.5,161.22727272727272,37.20000000000001,85.70000000000002,43.08000000000001,130.5,96.7,288.5,62.4,226.0,43.5,11.05,98.29999999999998,279.25,346.625,16.585,16.047619047619047,55.2,47.985294117647065,9.2704,20.0875,13.25,24.0,12.25,11.25,19.17058823529411,15.9,209.75,2910.0,103.0,11.349999999999998,70.5,87.0,14.1,76.5,49.55
74.8,9.13,30.2,30.85,14.25,274.0,26.8,53.5,106.5,182.0,7.738333333333334,70.4,24.6,28.85,42.75,108.75,41.95,13.15,18.25,36.766666666666666,183.0,439.5,29.73333333333333,20.75,47.7,32.15,24.25,24.05,390.0,23.122413793103448,19.200000000000006,52.0,7.6989860834990065,36.3,10.7,13.6,16.95,60.7,38.95,31.5,29.05,63.70000000000001,81.11666666666666,48.012,53.74285714285714,29.4,22.25,98.2,62.26279069767442,14.4,60.8076923076923,15.0,34.95,10.4,11.65,22.54117647058824,19.35,224.5,191.0,24.18333333333333,9.45,26.25,8.52,10.05,13.65,19.05,8.24,18.58571428571429,58.022222222222226,117.5,13.916666666666664,49.9,67.2,18.35,93.1,34.03333333333333,95.1,150.0,36.9,55.7,8.840000000000002,104.57142857142857,59.8,72.0,425.0,35.45,213.0,16.0,198.5,186.0,92.3,256.5,41.3,86.4,37.45,35.5,33.4,57.4,71.3,61.1,70.5,29.792857142857148,541.8333333333334,20.1640625,55.6,379.5,250.5,33.26428571428571,11.5,161.125,37.2,85.7,43.05555555555557,130.95454545454547,96.7,288.5,62.4,226.0,43.54545454545455,11.05,98.3,279.0,346.5,16.598000000000006,16.0,55.21666666666667,48.0,9.27,20.072222222222226,13.25,23.99375,12.233333333333334,11.225,19.15,15.9,210.0,2910.0,102.875,11.334693877551024,70.54285714285714,86.98461538461538,14.1,76.4,49.55
74.8,9.14,30.15,30.85,14.25,274.0,26.8,53.4,106.5,182.0,7.73,70.2,24.6,28.9,42.85,108.375,41.95,13.14,18.25,36.8,183.0,440.0,29.75,20.75,47.7,32.2,24.25,24.05,390.0,23.15,19.2,51.9,7.6983838383838386,36.3,10.7,13.647058823529413,16.992857142857147,60.7,38.933333333333344,31.525,29.05,63.65,81.112,48.005,53.80967741935483,29.396296296296303,22.25,98.0,62.29,14.4,60.82758620689656,14.95,34.95,10.35,11.61315789473684,22.5,19.35,224.0,191.0,24.15,9.45,26.263333333333332,8.52,10.05,13.65,19.1,8.237272727272728,18.586,58.1,117.0,13.929166666666667,49.9,67.22857142857143,18.347540983606557,93.26785714285714,34.016666666666666,95.1,150.0,36.9,55.7,8.84,104.55555555555556,59.78333333333333,72.1,425.0,35.45,213.0,16.0,198.5,186.0,92.5,256.0,41.35,86.4,37.447222222222216,35.4,33.45,57.4,71.4,61.05,70.4,29.75,540.2307692307694,20.15111111111111,55.68571428571429,379.5,250.5,33.275,11.5,161.16666666666666,37.230769230769226,85.70000000000002,43.0828125,130.91666666666666,96.7,288.5,62.325,226.0,43.54411764705883,11.050000000000002,98.34,279.25,346.5,16.56818181818182,16.047619047619047,55.20000000000001,47.96666666666667,9.270384615384613,20.05,13.3,23.95,12.226666666666665,11.25,19.191666666666666,15.89375,210.0,2915.0,102.5,11.335185185185184,70.5,87.0,14.11153846153846,76.5,49.5375
74.8,9.14,30.2,30.85,14.25,273.5,26.8,53.4,107.0,182.0,7.73,70.4,24.6,28.85,42.75,108.75,42.0,13.15,18.25,36.766666666666666,183.0,439.5,29.75,20.75,47.7,32.2,24.25,24.05833333333333,390.0,23.122413793103448,19.17125,52.0,7.70162962962963,36.3,10.7,13.65,16.975,60.73333333333333,38.95,31.5,29.05,63.51698113207547,81.11666666666666,48.0,53.82727272727272,29.399999999999995,22.25,98.0,62.32051282051282,14.425,60.8,15.0,34.95,10.35,11.650000000000002,22.5,19.35,224.5,191.0,24.2,9.45,26.275,8.52375,10.05,13.65,19.05,8.24,18.59684210526316,58.022222222222226,117.07142857142857,13.93,49.9,67.2,18.37127659574468,93.47752808988764,34.010714285714286,95.1,150.0,36.9,55.65000000000001,8.840000000000002,104.77777777777777,59.77500000000001,72.03999999999998,425.0,35.45,213.0,16.0,198.375,186.0,92.46,256.5,41.3,86.4,37.45,35.5,33.40833333333333,57.4,71.4,61.1,70.4,29.75,538.1666666666666,20.115517241379308,55.6,379.0,250.5,33.25,11.5,161.2,37.208333333333336,85.7,43.08333333333334,130.9230769230769,96.7,288.5,62.38,226.0,43.55,11.05,98.29999999999998,279.2,346.5,16.598958333333332,16.0,55.26875,48.0,9.277878787878787,20.0625,13.275,23.996153846153845,12.25,11.25,19.175,15.9,210.0,2915.0,102.5,11.3,70.525,86.95,14.1,76.4,49.5
74.8,9.14,30.2,30.91666666666667,14.25,273.5,26.75,53.4,107.0,182.0,7.730000000000001,70.5,24.65,28.9,42.8,108.375,41.95,13.1,18.25,36.8,183.0,440.0,29.75,20.75,47.7,32.2,24.25,24.05,390.0,23.15,19.2,52.0,7.6987804878048784,36.3,10.7,13.655128205128205,16.99298245614035,60.7,38.94,31.514285714285712,29.05,63.46551724137931,81.2,48.0,53.91944444444446,29.4,22.25,98.0,62.20744680851064,14.4,60.9,14.95,34.95,10.35,11.618269230769231,22.5,19.311111111111114,224.0,191.5,24.15,9.46,26.26923076923077,8.522307692307693,10.055072463768118,13.65,19.05,8.21,18.625,58.1,117.4,13.95,49.9,67.4,18.4,93.57252747252748,34.0,95.0,150.0,36.896666666666654,55.625,8.84,104.63636363636364,59.8,72.1,425.0,35.45,213.0,16.0,198.3,186.0,92.5,256.0,41.34090909090909,86.4,37.4,35.4,33.4,57.4,71.3,61.06666666666666,70.4,29.78333333333333,538.3333333333334,20.154545454545453,55.65000000000001,379.5,250.5,33.3,11.5,161.0,37.20666666666667,85.62857142857145,43.05172413793103,130.97916666666666,96.7,288.5,62.40909090909091,226.0,43.54999999999999,11.050000000000002,98.33333333333331,279.3333333333333,346.75,16.6,16.000980392156862,55.2,48.0,9.271666666666668,20.1,13.297619047619047,24.0,12.25,11.227777777777776,19.170833333333327,15.895454545454548,209.75,2920.0,102.5,11.338636363636365,70.5,87.0,14.15,76.5,49.5
74.8,9.14,30.15,30.85,14.25,273.3333333333333,26.775,53.49354838709678,107.0,181.5,7.73,70.5,24.6,28.875,42.85,108.75,42.0,13.15,18.25,36.766666666666666,183.0,439.5,29.75,20.75,47.7,32.2,24.25,24.05833333333333,390.0,23.149999999999995,19.200000000000006,52.0,7.698393574297189,36.3,10.7,13.65,16.95,60.73333333333333,38.95,31.542857142857148,29.05,63.42666666666666,81.2,48.0,54.0,29.450000000000006,22.25,98.16666666666669,62.10967741935484,14.425,60.90000000000001,15.0,35.0,10.35,11.650000000000002,22.53333333333333,19.35,224.5,191.0,24.15,9.45,26.3,8.520999999999999,10.099999999999998,13.65,19.05,8.24,18.65,58.022222222222226,117.5,13.95,49.95,67.4,18.396875,93.38666666666668,34.028571428571425,95.09999999999998,150.5,36.9,55.65000000000001,8.840000000000002,104.94117647058823,59.81666666666667,72.1,425.0,35.45,213.5,16.0,198.25,186.0,92.46,256.5,41.35000000000001,86.42500000000003,37.4,35.45,33.4,57.416279069767434,71.4,61.025,70.4,29.75,538.0,20.15,55.695238095238096,379.0,250.5,33.3,11.5,160.9375,37.21,85.68750000000001,43.0504424778761,131.0,96.7,288.5,62.5,226.0,43.54166666666666,11.08970588235294,98.3,279.0,347.0,16.599342105263162,16.0,55.2,47.990178571428565,9.273714285714282,20.050000000000004,13.293333333333333,24.02916666666667,12.25,11.25,19.19090909090909,15.895,210.0,2915.0,103.0,11.35,70.525,87.0,14.125,76.4,49.55
74.78571428571429,9.14,30.149999999999995,30.9,14.25,273.5,26.75,53.4,106.66666666666669,182.0,7.738333333333334,70.5,24.65,28.9,42.8,108.375,41.95,13.15,18.25,36.8,183.0,440.0,29.75,20.75,47.7,32.2,24.25,24.05,390.0,23.14,19.2,52.1,7.70134328358209,36.3,10.7,13.655128205128205,16.975,60.7,38.95,31.550000000000004,29.05,63.488888888888894,81.2,48.01000000000001,54.0,29.5,22.25,98.25,62.11333333333334,14.4,60.899999999999984,15.0,34.95,10.35,11.6,22.53333333333333,19.371428571428574,224.0,191.5,24.15,9.452000000000002,26.26923076923077,8.52111111111111,10.055072463768118,13.65,19.05,8.21,18.618333333333336,58.085714285714296,117.03,13.95,49.9,67.5,18.39375,93.36111111111113,34.04,95.1,150.5,36.95,55.7,8.84,105.02173913043478,59.8,72.1,425.0,35.45,213.0,16.0,198.42857142857144,186.0,92.5,256.0,41.35,86.4,37.3537037037037,35.4,33.4,57.313793103448276,71.4,61.075,70.4,29.75,537.4285714285714,20.15714285714285,55.6,379.5,250.5,33.3,11.5,160.75,37.21739130434783,85.67727272727274,43.03,130.70833333333334,96.7,288.5,62.4,226.0,43.56666666666666,11.05,98.3,279.25,346.75,16.625,16.000980392156862,55.2,48.0,9.271666666666668,20.1,13.25,24.0,12.225,11.25,19.16,15.864285714285714,209.5,2920.0,102.5,11.35,70.525,87.0,14.15,76.5,49.50833333333333
74.8,9.14,30.15,30.95,14.25,273.3333333333333,26.79166666666667,53.49354838709678,107.0,181.5,7.73,70.4,24.65,28.875,42.85,108.75,42.0,13.15,18.25,36.766666666666666,183.0,439.5,29.75,20.75,47.7,32.2,24.25,24.1,390.0,23.105000000000004,19.2,52.01666666666667,7.694708994708995,36.3,10.7,13.65,16.99649122807017,60.73333333333333,38.95000000000001,31.5375,29.05,63.5,81.1,48.0,53.99333333333334,29.5,22.25,98.3,62.11764705882353,14.425,60.9,15.0,35.0,10.4,11.65,22.53333333333333,19.35,224.5,191.0,24.15,9.45,26.3,8.522,10.099999999999998,13.65,19.05,8.24,18.593939393939394,58.0,117.0,13.95,49.95,67.5,18.396913580246913,93.36,34.0,95.09999999999998,150.0,36.891666666666666,55.6,8.840000000000002,105.0,59.715384615384615,72.0,425.0,35.45,213.5,16.0,198.0,185.5,92.46,256.125,41.35000000000001,86.45,37.4,35.408,33.39431818181818,57.38333333333333,71.4,61.1,70.4,29.7625,537.1666666666666,20.1875,55.65000000000001,379.0,250.0,33.3,11.5,160.64285714285714,37.208333333333336,85.62222222222222,43.04,130.9655172413793,96.7,288.5,62.36,226.0,43.56249999999999,11.05,98.3,279.25,347.0,16.639285714285716,16.0,55.20000000000001,47.977528089887635,9.271438848920864,20.06153846153846,13.3,24.021875,12.25,11.25,19.197872340425533,15.895,210.0,2915.0,102.7,11.349999999999998,70.5,86.96666666666665,14.1,76.4,49.5
74.8,9.14,30.149999999999995,30.899999999999995,14.266666666666666,273.5,26.75,53.4,107.0,181.0,7.730000000000001,70.5,24.65,28.85,42.8,108.375,42.0,13.125,18.25,36.8,183.0,440.0,29.75,20.75,47.7,32.2,24.25,24.05,390.0,23.148214285714282,19.2,52.1,7.7,36.3,10.7,13.655128205128205,17.0,60.79999999999999,38.95,31.55,29.1,63.39333333333333,81.20000000000002,48.0,54.13333333333334,29.54230769230769,22.25,98.3,62.126315789473686,14.4,60.9,15.0,34.975,10.35,11.65,22.5125,19.371428571428574,224.0,191.0,24.15,9.461000000000002,26.25909090909091,8.52090909090909,10.055072463768118,13.65,19.1,8.21,18.642307692307693,58.085714285714296,117.5,13.949999999999998,49.95,67.5,18.4,93.4,34.050000000000004,95.075,150.5,36.936956521739134,55.65000000000001,8.84,105.04545454545456,59.72000000000001,72.0909090909091,426.0,35.45,213.0,16.0,198.05,186.0,92.5,256.0,41.35,86.4,37.36666666666667,35.4,33.364285714285714,57.3,71.36,61.1,70.46666666666667,29.7842105263158,537.0,20.150719424460434,55.68461538461539,380.0,250.5,33.3,11.5,160.7,37.2,85.64,43.03947368421053,130.53968253968253,96.65,288.5,62.36666666666666,226.0,43.56666666666666,11.050000000000002,98.30322580645162,279.0,347.0,16.646,16.0,55.20000000000001,47.95860215053765,9.273333333333332,20.1,13.3,24.0,12.217857142857143,11.25,19.15625,15.89846625766871,209.5,2920.0,103.0,11.33103448275862,70.51428571428572,86.89999999999998,14.15,76.5,49.53999999999999
74.8,9.143333333333334,30.149999999999995,30.95,14.25,273.5,26.8,53.49354838709678,106.66666666666669,181.5,7.730221238938054,70.5,24.6,28.875,42.85,108.75,42.0,13.15,18.25,36.766666666666666,183.0,439.5,29.75,20.75,47.6,32.2,24.25,24.1,390.0,23.15,19.1758064516129,52.03333333333333,7.699999999999998,36.3,10.7,13.65,16.994642857142857,60.8875,38.94285714285714,31.5,29.066666666666666,63.5,81.2,48.0,54.0,29.55,22.258333333333336,98.3,62.14,14.425,60.9,15.0,35.0,10.35,11.65,22.53333333333333,19.4,224.5,191.0,24.15833333333333,9.46,26.25,8.52,10.099999999999998,13.65,19.05,8.22,18.591666666666665,58.0,117.08333333333331,13.95,50.0,67.5,18.41945454545455,93.31724137931036,34.028571428571425,95.1,150.25,36.9,55.7,8.840000000000002,105.11111111111113,59.7,72.1,425.0,35.45,213.5,16.0,198.0,185.5,92.46666666666664,256.125,41.345454545454544,86.48461538461538,37.4,35.4,33.35833333333333,57.3,71.4,61.01304347826087,70.5,29.7625,535.6111111111112,20.153030303030306,55.6,379.0,250.5,33.3,11.5,160.75,37.2175,85.69090909090909,43.03333333333333,130.77777777777777,96.7,288.5,62.36666666666667,226.0,43.55,11.05,98.3,279.0,347.02,16.633333333333333,16.0,55.164285714285725,47.972368421052636,9.272799999999998,20.05,13.3,24.0,12.25,11.246666666666664,19.15714285714285,15.9,210.0,2910.0,102.5,11.35,70.5076923076923,86.96666666666665,14.1,76.4,49.54999999999998
74.7,9.14,30.15,30.899999999999995,14.3,273.5,26.75,53.5,107.0,181.0,7.72,70.5,24.6,28.9,42.8,108.0,41.975,13.15,18.25,36.8,183.0,440.0,29.775,20.75,47.70000000000001,32.2,24.25,24.1,389.5,23.144444444444453,19.200000000000006,52.1,7.708039215686274,36.3,10.7,13.655128205128205,16.9875,61.0,39.0,31.55,29.1,63.5,81.22500000000002,48.01666666666667,53.95625,29.53125,22.25,98.225,62.235294117647065,14.4,60.90000000000001,14.983333333333334,34.95,10.35,11.650000000000002,22.5125,19.4,224.0,191.0,24.2,9.461000000000002,26.29772727272727,8.520000000000001,10.1,13.65,19.1,8.21,18.56714285714286,58.085714285714296,117.5,13.949999999999998,50.0,67.5,18.425225225225226,93.31111111111107,34.025,95.1,150.0,36.9375,55.65000000000001,8.85,105.0,59.744444444444454,72.1,426.0,35.45,213.0,15.99,198.0,186.0,92.5,256.0,41.35,86.5,37.35,35.45,33.364285714285714,57.30624999999999,71.36,60.9,70.5,29.78333333333333,534.5714285714286,20.15,55.6,380.0,250.5,33.30714285714286,11.533333333333333,160.6,37.2,85.65714285714286,43.03823529411765,130.5,96.6,288.5,62.4,226.0,43.55,11.05,98.3,279.125,347.5,16.648214285714285,16.0,55.16875,47.956,9.27,20.055882352941172,13.3,24.0,12.25,11.225,19.2,15.884545454545455,209.5,2912.5,103.0,11.35,70.525,86.89999999999998,14.15,76.5,49.55
74.8,9.14,30.15,30.850000000000005,14.25,273.5,26.8,53.5,107.0,181.5,7.7200000000000015,70.5,24.6,28.875,42.85,108.75,42.0,13.15,18.25,36.766666666666666,183.0,439.5,29.75,20.75,47.6,32.2,24.25,24.1,390.0,23.15,19.166666666666668,52.1,7.7159,36.3,10.7,13.65,16.9984375,60.8875,38.996875,31.5,29.1,63.54666666666667,81.2,48.0125,53.97142857142857,29.525,22.290000000000006,98.275,62.35454545454545,14.4,60.9,14.975,35.0,10.375,11.7,22.5,19.4,224.5,191.0,24.15,9.46,26.25125,8.520999999999999,10.054545454545458,13.65,19.05,8.24,18.578846153846158,58.02,117.5,13.95,50.0,67.5,18.438095238095237,93.34545454545454,34.02,95.1,150.0,36.9,55.7,8.840000000000002,105.0,59.74,72.1,425.0,35.45,213.5,16.0,197.875,186.0,92.5,256.125,41.345454545454544,86.5,37.35,35.4,33.35833333333333,57.4,71.3,61.0,70.5,29.75,534.2,20.15,55.6,379.0,250.5,33.3,11.5,160.9318181818182,37.21875,85.69999999999997,43.05714285714286,130.69444444444446,96.7,288.0,62.4,226.0,43.55,11.08,98.3,279.125,347.0,16.616666666666667,16.0,55.2,47.9734375,9.270454545454543,20.0625,13.267241379310345,23.995,12.211111111111109,11.25,19.16,15.899295774647884,210.0,2910.0,102.5,11.35,70.51428571428572,86.9,14.15,76.4,49.585714285714296
74.79999999999998,9.13,30.15,30.899999999999995,14.3,273.5,26.75,53.5,107.0,181.0,7.71,70.5,24.55,28.85,42.8,108.0,42.0,13.15,18.25,36.8,183.0,440.0,29.775,20.753125,47.7,32.2,24.25,24.1,389.5,23.15,19.2,52.1,7.7,36.3,10.7,13.65,16.995454545454546,61.2375,39.0,31.55,29.1,63.5,81.22500000000002,48.00294117647058,53.84117647058822,29.5,22.25,98.4,62.31999999999999,14.4,60.85,14.983333333333334,34.95,10.4,11.65,22.5,19.35,224.0,191.0,24.2,9.46,26.3,8.52,10.1,13.65,19.096728971962623,8.221842105263159,18.5985294117647,58.085714285714296,117.8,13.916666666666664,50.0,67.4,18.44941176470588,93.36666666666666,34.04655172413793,95.1,150.0,36.9,55.70000000000001,8.86,105.0,59.70000000000001,72.1,426.0,35.4,213.0,16.0,197.78571428571428,186.0,92.5,256.0,41.35,86.40000000000002,37.35,35.4,33.357142857142854,57.3,71.3,60.9,70.56666666666666,29.78333333333333,534.04,20.15,55.65000000000001,380.0,250.5,33.30833333333333,11.5,161.25,37.20357142857142,85.63333333333334,43.05416666666667,130.8913043478261,96.6,288.5,62.33333333333334,226.0,43.52,11.050248756218906,98.29999999999998,279.0,347.0,16.645588235294117,16.0,55.26666666666666,48.0,9.271904761904759,20.05454545454545,13.25,23.95,12.25,11.25,19.195833333333333,15.9,210.0,2912.5,102.5,11.352727272727275,70.5,86.92857142857143,14.15,76.5,49.55
74.8,9.14,30.15,30.850000000000005,14.25,273.0,26.8,53.5,106.5,181.5,7.7200000000000015,70.5,24.6,28.875,42.816666666666656,108.75,41.975,13.15,18.2,36.766666666666666,183.0,439.5,29.75,20.75,47.6,32.2,24.225,24.1,390.0,23.15217391304348,19.174,52.1,7.695882352941176,36.3,10.738235294117649,13.7,17.0,61.2,38.94285714285714,31.525,29.1,63.43333333333333,81.2,48.0,53.88333333333333,29.55,22.25,98.5,62.3625,14.35,60.9,14.975,35.0,10.364285714285714,11.7,22.5,19.35,224.5,191.0,24.15,9.46,26.254,8.52,10.054545454545458,13.65,19.095180722891566,8.23,18.585714285714285,58.02,118.0,13.95,49.95,67.39999999999999,18.45294117647059,93.30769230769228,34.06973684210526,95.2,150.33333333333334,36.9,55.6,8.840000000000002,105.0,59.7,72.07692307692308,425.0,35.45,213.5,16.0,197.875,186.0,92.5,256.125,41.345454545454544,86.4,37.35,35.45,33.4,57.3,71.4,61.0,70.5,29.775,534.0,20.15,55.6,379.0,250.5,33.31428571428571,11.5,161.07142857142858,37.2,85.63333333333333,43.07500000000001,131.0,96.68,288.0,62.4,226.0,43.55,11.05,98.3,279.0,346.6428571428572,16.639999999999993,16.0,55.3,48.0,9.272222222222222,20.062962962962967,13.255102040816329,23.995,12.225,11.242857142857144,19.2,15.9,210.16666666666663,2910.0,102.5,11.4,70.52000000000002,87.0,14.1,76.4,49.585714285714296
74.9,9.13375,30.15,30.899999999999995,14.3,273.1666666666667,26.75,53.5,107.0,181.0,7.7205555555555545,70.5,24.600000000000005,28.85,42.8,108.0,42.0,13.1,18.25,36.8,183.0,440.0,29.775,20.75,47.7,32.2,24.2,24.1,389.5,23.19848484848485,19.2,52.0,7.696086956521738,36.35,10.75,13.65,17.0,61.4,38.971153846153854,31.5,29.1,63.430769230769215,81.25,48.0,53.89523809523809,29.5,22.25,98.5,62.3,14.4,60.89999999999999,14.95,35.0,10.35,11.65,22.5,19.35,224.0,191.5,24.1,9.46,26.3,8.52047619047619,10.1,13.65,19.08333333333333,8.221842105263159,18.58076923076923,58.0,118.0,13.945833333333333,50.0,67.4875,18.467857142857138,93.38333333333333,34.05,95.1,150.0,36.9,55.61428571428571,8.86,105.0,59.7,72.0,426.5,35.4,213.0,16.0,197.5,186.0,92.5,256.0,41.35,86.60000000000002,37.364285714285714,35.4,33.357142857142854,57.3,71.36,61.0,70.5,29.785365853658533,535.25,20.156818181818174,55.6,380.0,250.25,33.3,11.5,161.16666666666666,37.20454545454545,85.64615384615384,43.09375,131.0,96.7,288.5,62.375,226.5,43.5,11.05,98.23846153846155,279.0,346.41666666666674,16.63333333333333,16.0,55.25205479452055,48.0,9.27,20.06,13.3,23.95,12.25,11.25,19.172727272727272,15.9,210.0,2912.5,102.5,11.397368421052633,70.505,86.98666666666666,14.15,76.5,49.65
74.85,9.139090909090909,30.2,30.866666666666664,14.3,273.5,26.8,53.5,106.75,181.5,7.709999999999999,70.5,24.566666666666666,28.875,42.833333333333336,108.75,42.0,13.15,18.2,36.766666666666666,183.0,439.5,29.75,20.8,47.6,32.2,24.225,24.1,390.0,23.18333333333333,19.200000000000006,52.1,7.715595854922278,36.3,10.75,13.65,16.994915254237288,61.4,39.0,31.55,29.149999999999995,63.33684210526317,81.2,48.0,53.93333333333333,29.5,22.275,98.5,62.344444444444456,14.35,60.9,15.0,35.0,10.364285714285714,11.7,22.54166666666667,19.35,224.5,191.0,24.1,9.46,26.2625,8.528484848484847,10.054545454545458,13.65,19.095180722891566,8.22,18.541666666666668,58.02,117.75,13.95,49.96666666666667,67.5,18.46953125,93.38333333333334,34.050000000000004,95.2,150.0,36.9,55.6,8.840000000000002,105.0,59.7,72.09166666666665,425.0,35.45,213.5,16.0,197.83333333333331,186.0,92.6,256.0,41.3,86.66999999999999,37.35,35.4,33.4,57.33333333333334,71.3,60.975,70.49459459459459,29.75,537.0,20.10238095238095,55.6,379.0,250.5,33.3,11.5,161.07142857142858,37.21666666666667,85.69090909090909,43.07916666666667,131.0,96.68,288.0,62.35714285714285,226.5,43.55,11.05,98.2,279.25,346.6428571428572,16.648275862068964,16.0,55.27777777777778,48.0,9.271935483870966,20.05,13.255102040816329,23.98333333333333,12.25,11.25,19.2,15.9,210.0,2910.0,103.0,11.354166666666664,70.5,87.0,14.15,76.4,49.585714285714296
74.9,9.14,30.15,30.9,14.25,273.1666666666667,26.75,53.5,106.5,181.0,7.73,70.4,24.6,28.85,42.8,108.0,42.0,13.1,18.2,36.8,183.0,440.0,29.758333333333336,20.75,47.7,32.2,24.200000000000006,24.1,389.5,23.19,19.2,52.1,7.730000000000001,36.30263157894737,10.725,13.69375,17.0,61.4,39.01818181818181,31.5,29.149999999999995,63.35555555555556,81.2,48.0,54.0,29.5,22.25,98.65,62.33333333333334,14.4,60.85,15.0,35.0,10.35,11.664285714285715,22.525,19.35,224.0,191.5,24.1,9.453333333333333,26.258333333333336,8.523333333333332,10.075,13.650000000000002,19.08333333333333,8.22,18.5875,58.0,117.83333333333331,13.945833333333333,49.95,67.5,18.45,93.4,34.04375,95.2,150.0,36.9,55.61428571428571,8.86,105.0,59.72500000000001,72.10000000000002,426.5,35.4,213.0,16.0,197.96666666666667,186.0,92.5,256.0,41.35,86.76,37.35,35.45,33.37916666666666,57.3,71.36,61.0,70.5,29.771428571428572,538.6,20.15,55.6,380.0,250.5,33.3,11.5,161.14285714285714,37.21578947368421,85.63999999999999,43.0529411764706,131.0,96.7,288.375,62.375,226.0,43.5,11.05,98.21666666666664,279.2,346.75,16.648,16.0,55.2,48.0,9.2704,20.1,13.3,24.0,12.25,11.244444444444444,19.19782608695652,15.900000000000002,210.0,2915.0,102.5,11.35,70.5,86.92999999999998,14.15,76.5,49.65
74.85,9.139090909090909,30.2,30.866666666666664,14.3,273.5,26.8,53.5,106.61111111111113,181.5,7.73,70.4,24.566666666666666,28.875,42.816666666666656,108.75,42.04722222222223,13.15,18.2,36.766666666666666,183.0,439.5,29.8,20.8,47.6,32.2,24.18333333333333,24.1,390.0,23.2,19.2,52.125,7.727499999999999,36.3,10.7,13.7,16.996875,61.4,39.12702702702703,31.52857142857143,29.15,63.39999999999999,81.2,48.0,54.0,29.55,22.25,98.2,62.38571428571429,14.403333333333332,60.9,14.966666666666667,35.0,10.36,11.7,22.54166666666667,19.354166666666668,224.5,191.0,24.1,9.46,26.3,8.53,10.1,13.65,19.095180722891566,8.22,18.5475,58.0,117.66666666666669,13.916666666666664,49.96666666666667,67.5,18.49833333333333,93.41111111111113,34.0,95.2,150.0,36.9,55.70000000000001,8.85,105.0,59.77499999999999,72.1,425.0,35.4,213.16666666666663,15.9875,197.95,186.0,92.6,256.0,41.3,86.7,37.35,35.4,33.364285714285714,57.3,71.3,61.0,70.4,29.766666666666666,539.8235294117649,20.1,55.7,379.0,250.5,33.3,11.5,161.08333333333334,37.22222222222222,85.63166666666666,43.084482758620695,130.76666666666668,96.78333333333332,288.5,62.34,226.5,43.5,11.05,98.20625,279.0,346.5,16.6,16.0,55.21052631578947,48.0,9.270384615384613,20.050000000000004,13.3,23.999019607843138,12.225,11.24375,19.195,15.902150537634409,210.0,2915.0,102.5,11.35,70.505,86.97142857142856,14.15,76.4,49.65
74.76666666666667,9.14,30.15,30.9,14.25,273.1666666666667,26.75,53.5,106.5,181.0,7.73,70.4,24.6,28.85,42.85,108.0,42.05,13.15,18.2,36.8,183.0,439.66666666666674,29.75,20.75,47.7,32.25,24.200000000000006,24.09,389.5,23.18888888888889,19.2,52.1,7.7171590909090915,36.25,10.7,13.65,17.0,61.4,39.1,31.55,29.149999999999995,63.25714285714286,81.2,47.96666666666667,53.98571428571428,29.55,22.25,98.36666666666667,62.4,14.4,60.9,15.0,35.0,10.366666666666667,11.65,22.5,19.3125,224.0,191.5,24.1,9.453333333333333,26.25,8.53,10.1,13.65,19.05,8.22,18.55,58.13846153846154,117.75,13.949999999999998,49.95,67.515,18.4525,93.46666666666668,34.0,95.2,150.0,36.95,55.61428571428571,8.85,105.0,59.7,72.10000000000002,426.5,35.4,213.25,16.0,197.8,186.0,92.5,256.0,41.33750000000001,86.68888888888891,37.35,35.45,33.4,57.3,71.3,61.0,70.5,29.75,540.2105263157895,20.1234375,55.69722222222222,380.5,250.0,33.3,11.5,161.0,37.20000000000001,85.6896551724138,43.08333333333334,130.5,96.71666666666668,288.375,62.4,226.5,43.45,11.055,98.23333333333336,279.0,346.5,16.64431818181818,16.0125,55.28636363636363,48.0,9.278416666666663,20.05,13.29,24.0,12.238235294117649,11.25,19.200000000000006,15.917647058823533,210.5,2915.0,102.5,11.349999999999998,70.51818181818182,87.0,14.15,76.5,49.65
74.7,9.15,30.2,30.9,14.3,273.5,26.8,53.5,106.66666666666669,181.0,7.73,70.4,24.65,28.9,42.816666666666656,108.75,42.05,13.15,18.2,36.766666666666666,183.0,439.5,29.75,20.75,47.6,32.25,24.18333333333333,24.1,390.0,23.18333333333333,19.2,52.2,7.7444444444444445,36.3,10.7,13.65,16.975,61.3,39.1,31.5125,29.15,63.31333333333333,81.2,48.04166666666666,54.0,29.50555555555556,22.25,98.55,62.39285714285713,14.403333333333332,60.9,14.966666666666667,35.0,10.35,11.7,22.51,19.35,224.5,191.5,24.1,9.46,26.25238095238095,8.52,10.1,13.65,19.095180722891566,8.22,18.55,58.0,117.5,13.949999999999998,49.96666666666667,67.56875,18.472727272727273,93.509375,34.0,95.2,150.16666666666666,36.90185185185185,55.7,8.84,105.0,59.7,72.00833333333334,425.0,35.35,213.25,15.9875,197.95,186.5,92.6,256.0,41.3,86.7,37.3,35.45,33.35833333333333,57.36999999999999,71.4,61.0,70.4,29.75,541.0,20.15,55.7,379.0,250.5,33.300000000000004,11.5,161.0,37.2047619047619,85.7,43.089285714285715,130.98837209302326,96.78333333333332,288.5,62.4,226.0,43.45,11.051190476190476,98.21,279.0,346.25,16.599999999999998,16.043750000000006,55.28333333333333,47.96590909090909,9.276511627906977,20.096153846153847,13.258333333333333,24.0,12.21875,11.241176470588233,19.195161290322577,15.907142857142858,210.0,2915.0,102.5,11.35,70.525,87.05,14.15,76.45,49.65
74.71666666666665,9.14,30.2,30.9,14.266666666666666,273.5,26.75,53.5,106.7,181.0,7.73,70.4,24.6,28.85,42.816666666666656,108.0,42.05,13.1,18.2,36.8,183.0,439.66666666666674,29.75,20.8,47.7,32.25,24.200000000000006,24.09,389.5,23.19545454545454,19.2,52.2,7.791608093716719,36.25,10.75,13.65,16.99722222222222,61.4,39.12916666666667,31.55,29.15,63.27500000000001,81.2,48.0,54.005263157894724,29.55,22.25,98.66666666666669,62.4,14.4,60.914285714285704,15.0,35.0,10.4,11.65,22.5,19.35,224.0,191.5,24.1,9.45,26.28461538461539,8.53,10.1,13.65,19.05,8.22,18.535555555555558,58.13846153846154,117.75,13.95,49.95,67.6,18.496666666666666,93.7017391304348,34.025,95.2,150.0,36.9,55.61428571428571,8.85,105.0,59.78333333333334,72.03333333333333,426.5,35.35,212.0,16.0,198.5,186.5,92.5,257.5,41.35,86.70000000000002,37.3,35.39999999999999,33.35,57.4,71.4,61.0,70.4,29.8,541.7142857142857,20.142857142857142,55.73333333333333,382.0,250.0,33.31111111111111,11.515625,161.25,37.20344827586207,85.7,43.1,131.0,96.7,288.375,62.45454545454545,226.5,43.45,11.0,98.2,279.4375,346.33333333333326,16.669811320754715,16.0125,55.3,48.0,9.272857142857145,20.1,13.3,24.031818181818185,12.25,11.199999999999998,19.2,15.933333333333332,210.5,2915.0,102.65,11.375,70.50434782608696,87.00555555555556,14.15,76.5,49.7
74.7,9.14,30.2,30.9,14.3,273.5,26.8,53.5,106.66666666666669,181.0,7.73,70.4,24.65,28.9,42.816666666666656,108.75,42.103125,13.15,18.2,36.766666666666666,183.0,439.5,29.75,20.75,47.6,32.28333333333333,24.18333333333333,24.1,390.0,23.2,19.207758620689653,52.1,7.79548532731377,36.3,10.7,13.65,16.95,61.3,39.13333333333333,31.5,29.149999999999995,63.38571428571429,81.21666666666667,48.0,53.943478260869554,29.5,22.25,98.56666666666666,62.45,14.4,60.975,14.95,35.0,10.35,11.7,22.55,19.3125,224.5,191.5,24.1,9.458333333333334,26.286363636363635,8.52,10.1,13.65,19.095180722891566,8.22,18.50735294117647,58.247368421052634,117.57142857142857,13.907142857142858,49.96666666666667,67.65,18.493137254901963,93.78902439024391,34.075,95.2,150.16666666666666,36.9,55.6,8.84,105.05555555555556,59.7,72.0,425.0,35.3,213.25,15.9875,198.5,186.5,92.6,256.0,41.325,86.79130434782608,37.3,35.45,33.375,57.38333333333333,71.4,61.0,70.5,29.75333333333333,541.5,20.123809523809523,55.7,379.0,250.5,33.30833333333333,11.501063829787233,161.0625,37.20384615384615,85.61666666666666,43.10000000000001,130.64102564102564,96.78333333333332,288.5,62.43333333333334,226.0,43.44285714285714,11.05,98.2,279.0,346.33333333333326,16.684020618556698,16.043750000000006,55.3,48.0,9.275952380952381,20.088,13.282352941176471,24.0,12.25,11.244444444444444,19.200000000000006,15.9,210.0,2915.0,103.0,11.35,70.51428571428572,86.92857142857143,14.1375,76.45,49.7
74.71666666666665,9.149090909090908,30.2,30.9,14.266666666666666,273.5,26.75,53.5,106.5,181.0,7.72,70.4,24.6,28.85,42.85,108.0,42.026,13.11,18.2,36.8,183.0,439.66666666666674,29.75,20.8,47.7,32.25,24.200000000000006,24.09,390.0,23.18809523809524,19.25,52.05,7.794232209737826,36.25,10.7,13.65,16.99537037037037,61.3,39.14999999999999,31.55,29.15,63.47755102040816,81.2,47.975,54.01052631578948,29.5,22.25,98.65000000000002,62.4,14.4,60.89999999999999,15.0,35.0,10.4,11.65,22.5,19.35,224.0,191.0,24.1,9.45,26.264285714285712,8.52375,10.1,13.65,19.05,8.22,18.558064516129033,58.13333333333333,118.0,13.95,49.95,67.78461538461538,18.491860465116282,93.83466666666668,34.09444444444445,95.2,150.0,36.947222222222216,55.675,8.84,105.0,59.62000000000001,72.0,426.5,35.25,212.0,16.0,198.375,186.5,92.5,257.5,41.35,86.6857142857143,37.3,35.4,33.35,57.39230769230768,71.38181818181819,61.0,70.4,29.75,542.2142857142857,20.17096774193548,55.73333333333333,382.0,250.5,33.31428571428571,11.5,161.0,37.22916666666666,85.7,43.07894736842105,130.92857142857142,96.7,288.5,62.4375,226.0,43.45,11.022321428571427,98.2,279.0,346.0,16.62142857142857,16.0125,55.20606060606061,47.98095238095239,9.275,20.1,13.26304347826087,24.0,12.24705882352941,11.2,19.206435643564355,15.94,210.5,2915.0,102.5,11.375,70.5,87.00555555555556,14.15,76.5,49.69285714285714
74.74000000000002,9.14,30.2,30.9,14.3,273.5,26.8,53.5,106.5,181.25,7.73,70.4,24.65,28.85,42.8,108.75,42.1,13.15,18.25,36.8,183.0,440.0,29.78333333333333,20.8,47.6,32.27058823529412,24.18333333333333,24.05,390.0,23.16333333333333,19.25,52.1,7.772795031055901,36.3,10.735714285714286,13.65,16.985135135135135,61.3,39.11,31.516666666666666,29.15,63.6,81.21666666666667,47.95,54.0,29.48333333333333,22.25,98.63333333333333,62.34444444444443,14.4,60.975,15.0,35.0,10.392857142857142,11.65,22.55,19.33333333333333,224.5,191.5,24.1,9.458333333333334,26.26022727272727,8.52,10.1,13.65,19.05,8.229642857142858,18.53333333333333,58.24999999999999,117.75,13.940384615384614,49.95,67.91,18.496753246753247,93.81397849462364,34.101282051282055,95.2,150.0,36.91666666666666,55.64444444444445,8.83,105.0,59.7,71.92500000000003,425.0,35.25,213.25,15.9875,198.5,186.5,92.6,256.0,41.325,86.6857142857143,37.3,35.45,33.4,57.4,71.4,61.0,70.6,29.8,541.9166666666666,20.15,55.73333333333333,379.0,250.5,33.3,11.508333333333333,161.0625,37.207142857142856,85.7,43.1,130.86206896551724,96.7,288.5,62.5,226.5,43.44285714285714,11.033333333333333,98.21,278.92857142857144,346.5,16.69887640449438,16.025,55.26,47.96444444444445,9.273333333333332,20.1,13.2875,24.04375,12.235416666666666,11.25,19.2,15.945,210.5,2915.0,103.0,11.369117647058824,70.5125,86.95,14.15,76.45,49.7
74.8,9.14,30.2,30.95,14.266666666666666,273.5,26.8,53.5,107.0,181.0,7.73,70.5,24.6,28.85,42.85,108.0,42.026,13.15,18.25,36.8,183.0,440.0,29.75,20.8,47.7,32.3,24.200000000000006,24.05,390.0,23.18695652173913,19.23076923076923,52.1,7.7681308411214935,36.28333333333333,10.725,13.7,16.984375,61.3,39.08125,31.516666666666666,29.15,63.590384615384615,81.2,47.95,53.92,29.494444444444447,22.25,98.53333333333336,62.38571428571429,14.4,60.93636363636363,14.95,35.0,10.35,11.6125,22.57,19.3,224.0,191.25,24.1,9.45,26.282142857142862,8.525555555555554,10.075,13.65,19.05,8.22,18.55,58.13333333333333,118.0,13.95,49.95,67.9,18.507731958762886,93.79999999999998,34.13333333333333,95.3,150.0,36.94166666666667,55.6,8.84,105.0,59.95172413793103,71.9,426.5,35.25,212.0,16.0,198.5,186.5,92.5,257.5,41.3,86.65,37.3,35.4,33.35,57.39411764705882,71.38181818181819,60.9,70.5,29.775,540.9583333333334,20.19230769230769,55.7,382.0,250.5,33.3,11.5,161.0625,37.207142857142856,85.7,43.1,130.82417582417582,96.7,288.5,62.4875,226.0,43.45,11.0,98.21875,278.75,346.125,16.6,16.0,55.3,47.98571428571428,9.278064516129028,20.093750000000004,13.300000000000002,24.0,12.234375,11.25,19.2,15.94,210.5,2915.0,102.5,11.35,70.5,86.975,14.1,76.5,49.65
74.7,9.133333333333333,30.2,30.9,14.3,273.0,26.8,53.5,106.0,181.25,7.73,70.4,24.65,28.9,42.8,108.75,42.1,13.15,18.225,36.8,182.875,440.0,29.78333333333333,20.8,47.6,32.27058823529412,24.18333333333333,24.05,390.0,23.2,19.207142857142856,52.03333333333333,7.785333333333332,36.3,10.725,13.65,17.000675675675677,61.22727272727273,39.1,31.5,29.149999999999995,63.70000000000001,81.11904761904759,48.0,53.94285714285714,29.45,22.25,98.7,62.40000000000001,14.4,61.0,15.0,35.0,10.392857142857142,11.65,22.55,19.341666666666665,224.5,191.5,24.1,9.458333333333334,26.260526315789477,8.529999999999998,10.1,13.65,19.1,8.233333333333334,18.57857142857143,58.1,118.0,13.94375,49.95,67.90952380952382,18.553428571428565,93.79999999999998,34.13333333333333,95.3,150.0,36.9,55.66666666666666,8.84,105.0,59.75,71.9,426.375,35.20625000000001,213.0,15.95,198.5,186.5,92.6,256.0,41.325,86.6857142857143,37.3,35.41153846153846,33.375,57.42,71.375,60.91333333333333,70.6,29.785714285714285,538.6666666666666,20.183333333333334,55.7,379.0,250.5,33.34285714285714,11.5125,161.0,37.208333333333336,85.70000000000002,43.05909090909091,130.54109589041096,96.7,288.5,62.44,226.5,43.44285714285714,11.008333333333333,98.2,278.7,346.5,16.697881355932203,16.03888888888889,55.29370078740158,47.99384057971015,9.281846153846152,20.1,13.291666666666664,24.02333333333333,12.25,11.25,19.2,15.944230769230769,210.5,2915.0,102.625,11.35,70.5,87.0,14.15,76.45,49.65
74.7,9.148823529411766,30.2,30.95,14.266666666666666,273.5,26.79583333333333,53.5,106.5,181.0,7.729999999999999,70.5,24.6,28.85,42.85,108.0,42.1,13.15,18.25,36.8,183.0,440.0,29.75,20.8,47.7,32.3,24.200000000000006,24.05,390.08333333333326,23.200000000000006,19.24,52.1,7.7495270270270264,36.3,10.75,13.6625,17.029411764705884,61.3,39.112068965517246,31.5,29.149999999999995,63.62972972972973,81.1,47.9462962962963,53.952941176470574,29.4625,22.24722222222222,98.7,62.4,14.4,61.0,14.95,34.98333333333333,10.35,11.6,22.57,19.32888888888889,224.0,191.25,24.1,9.45,26.25,8.53,10.1,13.65,19.05,8.22,18.543589743589745,58.1,118.0,13.95,49.95,67.85000000000001,18.557142857142857,93.7,34.13,95.3,150.0,36.94642857142857,55.6,8.84,105.0,59.725,71.9,426.5,35.25,212.66666666666663,16.0,198.97222222222226,186.5,92.5,257.5,41.3,86.6,37.34166666666667,35.4,33.4,57.4,71.32000000000002,60.9,70.57499999999997,29.7625,540.9583333333334,20.183333333333334,55.76666666666667,381.5,250.5,33.3,11.505882352941176,161.2,37.209090909090904,85.7,43.0537037037037,130.5,96.7,288.5,62.5,226.5,43.45000000000001,11.046875,98.21666666666664,278.7857142857143,346.5,16.65,16.0,55.26440677966102,47.981,9.281891891891894,20.1,13.3,24.0,12.25,11.244444444444444,19.2,15.95,210.125,2915.0,103.0,11.349999999999998,70.54285714285716,86.93333333333334,14.145,76.5,49.65
74.8,9.15,30.2,30.9,14.3,273.5,26.8,53.5,106.5,181.25,7.7200000000000015,70.4,24.65,28.85,42.85,108.5,42.1,13.15,18.225,36.8,183.0,439.5,29.78333333333333,20.8,47.6,32.25,24.25,24.05,390.0,23.15,19.25,52.01666666666667,7.760082644628099,36.3,10.7,13.675,17.03481012658228,61.22727272727273,39.15,31.5,29.15,63.688888888888904,81.1,47.9,53.911111111111104,29.438636363636366,22.22173913043478,98.52857142857144,62.40000000000001,14.45,61.0,15.0,35.0,10.35,11.65,22.6,19.341666666666672,224.5,191.5,24.1,9.458333333333334,26.25,8.529999999999998,10.091666666666667,13.65,19.05,8.223333333333334,18.55,58.26666666666666,117.5,13.949999999999998,49.95,67.825,18.56717791411043,93.5,34.1,95.3,150.0,36.9,55.61333333333334,8.84,105.0,59.67999999999999,71.9,426.375,35.3,212.8,15.95,198.75,186.5,92.6,256.0,41.325,86.60000000000002,37.3,35.4,33.378571428571426,57.488888888888894,71.375,60.93333333333334,70.5,29.8,538.6666666666666,20.183333333333334,55.76666666666667,381.5,250.5,33.30833333333333,11.50263157894737,161.00862068965515,37.205,85.70000000000002,43.08695652173913,130.5,96.7,288.5,62.41666666666666,226.5,43.45,11.019230769230768,98.26153846153845,278.8333333333333,346.5,16.691071428571426,16.027272727272727,55.218918918918924,47.99230769230769,9.287142857142856,20.1,13.3,24.03333333333333,12.203125,11.225,19.2,15.95,210.0,2915.0,102.625,11.347727272727273,70.50416666666666,87.0,14.15,76.5,49.65
74.7,9.147641509433964,30.15,30.95,14.266666666666666,273.5,26.8,53.5,106.5,181.0,7.725,70.5,24.6,28.85,42.85,108.0,42.0,13.15,18.3,36.8,183.0,439.5,29.75,20.8,47.7,32.28333333333333,24.200000000000006,24.05,390.5,23.15227272727273,19.25,52.0,7.75,36.3,10.75,13.65,17.00277777777778,61.1,39.136842105263156,31.5,29.1,63.66428571428572,81.10000000000002,47.93000000000001,53.83636363636364,29.4,22.223809523809525,98.3,62.38823529411764,14.4,60.92857142857143,14.99642857142857,34.95,10.4,11.65,22.57,19.33823529411765,224.0,191.25,24.1,9.45,26.2625,8.52,10.083333333333334,13.65,19.092857142857145,8.23,18.513059701492537,58.23333333333333,118.0,13.95,49.95,67.89500000000001,18.51626506024096,93.40434782608696,34.1,95.3,150.0,36.95,55.56666666666666,8.83,104.93103448275862,59.7,71.9,426.0,35.25,212.66666666666663,15.95,199.0,186.5,92.5,257.5,41.3,86.60000000000002,37.32000000000001,35.45,33.35,57.48571428571428,71.35000000000002,60.9,70.6,29.75,539.3333333333334,20.15,55.68888888888889,381.5,250.5,33.31428571428571,11.511538461538462,160.72222222222226,37.20416666666667,85.65929203539821,43.10000000000001,130.16666666666666,96.74545454545456,288.5,62.48333333333333,226.5,43.45000000000001,11.046875,98.23,278.5,346.25,16.65,16.0,55.23928571428571,47.957317073170735,9.28047619047619,20.07,13.255232558139534,24.0,12.2,11.219444444444445,19.2,15.9,210.125,2915.0,103.0,11.349999999999998,70.6,87.0,14.123076923076924,76.5,49.65
74.7,9.13375,30.149999999999995,30.9,14.3,273.5,26.8,53.5,106.5,181.25,7.74,70.4,24.649999999999995,28.85,42.85,108.5,42.1,13.15,18.25,36.8,183.0,439.5,29.75,20.8,47.6,32.25,24.25,24.02857142857143,390.5,23.154545454545456,19.25,52.0,7.750552486187843,36.3,10.7,13.645454545454545,17.029999999999998,61.1,39.1409090909091,31.5,29.15,63.62,81.10000000000002,47.9,53.5,29.4,22.235294117647058,98.6,62.32222222222222,14.45,60.98,15.0,35.0,10.349999999999998,11.65,22.575000000000006,19.348000000000006,224.5,191.5,24.116666666666664,9.45,26.25,8.52,10.05,13.65,19.05,8.23,18.55,58.23333333333333,117.85,13.95,49.95,67.92380952380952,18.51580459770115,93.30769230769229,34.114285714285714,95.3,150.0,36.95,55.6,8.84,104.70833333333331,59.67333333333333,71.9,426.375,35.2,212.8,15.95,198.6,186.5,92.6,256.0,41.325,86.5,37.3,35.45,33.41428571428572,57.4,71.375,61.0,70.5,29.75,539.0,20.1578125,55.66,382.0,250.5,33.3,11.502777777777776,160.5,37.2,85.73387096774194,43.088888888888896,130.1,96.77692307692308,288.5,62.5,226.0,43.45,11.05,98.22,278.875,346.5,16.69102564102564,16.0,55.20588235294118,47.93035714285714,9.281219512195118,20.05,13.25,24.0,12.22,11.232142857142858,19.2,15.927777777777774,210.0,2910.0,103.0,11.3,70.56666666666666,86.9,14.107142857142858,76.5,49.65
74.7,9.14,30.15,30.8,14.266666666666666,273.5,26.8,53.5,106.5,181.0,7.725,70.5,24.6,28.85,42.85,108.0,42.025,13.15,18.3,36.8,183.0,439.5,29.75,20.8,47.7,32.24090909090909,24.200000000000006,24.0,391.0,23.151048951048946,19.23275862068965,51.95,7.75120879120879,36.3,10.75,13.647619047619047,17.044166666666666,61.1,39.10833333333334,31.5,29.1,63.6,81.1,47.9,53.57142857142857,29.4,22.2,98.6,62.36666666666667,14.4,60.9,14.99642857142857,34.95,10.4,11.65,22.6,19.35,224.0,191.25,24.1,9.45,26.25,8.53,10.1,13.65,19.092857142857145,8.23,18.5,58.28333333333333,118.0,13.95,49.95,67.9375,18.582738095238103,93.3,34.1,95.3,150.1875,36.95,55.6,8.83,104.95918367346937,59.711111111111116,71.89999999999998,426.0,35.25,212.66666666666663,15.95,198.88888888888889,186.5,92.5,257.5,41.333333333333336,86.4,37.3,35.40526315789472,33.45,57.488888888888894,71.4,61.0,70.56666666666666,29.78333333333333,539.6842105263158,20.15,55.65000000000001,381.5,250.75,33.3,11.502380952380953,160.64285714285714,37.207142857142856,85.79148936170213,43.08636363636364,130.48611111111111,96.8,288.5,62.42608695652174,226.0,43.45,11.023076923076923,98.20000000000002,278.5,346.5,16.7,16.0,55.20000000000001,47.94347826086957,9.280357142857143,20.089655172413792,13.3,24.0,12.25,11.25,19.20263636363636,15.9,210.0,2910.0,102.76923076923076,11.325,70.51666666666667,86.9375,14.146428571428574,76.5,49.65
74.7,9.13375,30.15,30.8,14.3,273.5,26.8,53.5,106.5,181.25,7.74,70.4,24.649999999999995,28.85,42.8,108.5,42.06428571428571,13.15,18.25,36.8,183.0,439.5,29.75,20.8,47.6,32.25,24.25,24.02857142857143,391.0,23.100000000000005,19.228846153846156,51.9,7.742589928057554,36.25,10.7,13.645454545454545,17.03,61.1,39.105,31.55,29.15,63.60000000000001,81.2,47.9,53.79999999999999,29.350000000000005,22.200000000000006,98.62,62.4,14.4,60.925,15.0,35.0,10.349999999999998,11.65,22.6,19.366216216216213,224.5,191.5,24.15,9.45,26.252631578947373,8.53,10.053703703703707,13.65,19.05,8.23,18.5,58.21666666666667,118.0,13.95,50.0,67.95384615384616,18.55,93.2,34.06666666666666,95.3,150.0,36.95,55.5,8.81,105.0,59.6,71.89999999999998,426.375,35.2,212.75,16.0,198.9230769230769,186.5,92.6,256.0,41.35,86.3,37.35,35.45,33.41875,57.45,71.4,61.0,70.5,29.75,539.0,20.2,55.7,382.0,250.5,33.30833333333333,11.504545454545456,160.6,37.2,85.76119402985073,43.1,130.1818181818182,96.77692307692308,288.5,62.4375,226.0,43.45,11.04,98.21111111111112,278.5,346.5,16.7,16.044444444444444,55.18571428571429,47.95,9.280050505050504,20.05,13.3,23.991379310344826,12.25,11.25,19.15392156862745,15.900000000000002,210.0,2909.583333333333,103.0,11.330000000000002,70.6,86.99,14.11,76.5,49.65
74.7,9.14,30.149999999999995,30.8,14.266666666666666,273.5,26.7875,53.5,106.5,181.0,7.725,70.6,24.65,28.85,42.81,108.0,42.05,13.15,18.3,36.8,183.0,439.5,29.75,20.8125,47.6,32.24090909090909,24.200000000000006,24.0,391.0,23.12941176470588,19.25,51.85,7.734615384615385,36.3,10.7,13.609374999999998,17.083571428571428,61.1,39.15,31.5,29.15,63.60000000000001,81.2,47.934615384615384,53.7,29.350000000000005,22.2,98.56666666666666,62.385714285714286,14.45,60.95,14.95,34.95,10.364285714285714,11.6,22.55,19.35,224.0,191.25,24.1,9.453333333333333,26.25,8.53,10.1,13.65,19.092857142857145,8.24,18.5375,58.2,117.57142857142857,13.95,49.975,67.9,18.54741379310345,93.24,34.1,95.31,150.0,36.97142857142858,55.6,8.83,105.0,59.600000000000016,71.9,426.0,35.25,212.66666666666663,15.95,198.8,186.5,92.5,257.5,41.35,86.4,37.3125,35.404761904761905,33.4,57.5,71.4,61.0,70.5,29.78333333333333,539.4615384615385,20.175,55.7,381.5,250.5,33.30833333333333,11.514285714285714,160.5,37.203125,85.75416666666666,43.10000000000001,130.36363636363637,96.8,288.5,62.35,226.0,43.45000000000001,11.018292682926829,98.21818181818183,278.94444444444446,346.28571428571433,16.7,16.043750000000006,55.161538461538456,47.95,9.27274368231047,20.050000000000004,13.259166666666665,23.95,12.25,11.25,19.183333333333334,15.938461538461535,210.0,2910.0,102.625,11.35,70.52857142857142,87.0,14.113636363636365,76.5,49.65
74.7,9.14,30.1,30.8,14.3,273.5,26.75,53.5,106.5,181.25,7.72,70.5,24.649999999999995,28.85,42.8,108.5,42.06428571428571,13.15,18.25,36.8,183.0,439.5,29.75,20.8,47.7,32.2,24.25,24.00555555555556,391.0,23.125700934579438,19.25,51.9,7.728292682926829,36.3,10.7,13.65,17.008333333333333,61.1,39.1125,31.49583333333333,29.127272727272725,63.685,81.2,47.95,53.59,29.38125,22.200000000000006,98.6,62.4,14.4,60.95555555555556,14.95,34.94261363636363,10.349999999999998,11.61,22.6,19.366216216216213,224.5,191.5,24.15,9.45,26.25,8.53,10.053703703703707,13.65,19.05,8.23,18.545833333333334,58.37777777777778,117.875,13.95,49.95,67.94000000000001,18.585663082437282,93.36428571428571,34.1125,95.3,150.0,36.95,55.6,8.81,105.15384615384615,59.6,71.95,426.375,35.2,213.5,16.0,198.97727272727272,187.0,92.525,256.0,41.3,86.22,37.333333333333336,35.45,33.42222222222223,57.5,71.3125,61.0,70.56666666666666,29.75,538.8571428571429,20.159756097560976,55.6,382.0,250.5,33.3,11.50421686746988,160.75,37.226470588235294,85.79354838709679,43.10338983050848,130.5,96.7,288.5,62.325,226.0,43.45,11.0,98.23333333333332,278.6666666666667,346.5,16.7,16.004166666666666,55.2,47.91376811594203,9.26939393939394,20.071428571428573,13.25,23.95,12.25,11.25,19.198529411764707,15.9,209.75,2909.583333333333,103.0,11.325925925925924,70.53333333333333,86.96000000000002,14.150000000000002,76.5,49.675
74.7,9.14,30.1,30.8,14.266666666666666,273.5,26.8,53.5,106.5,181.0,7.725,70.5,24.65,28.85,42.85,108.0,42.083333333333336,13.15,18.3,36.8,183.0,439.5,29.8,20.8,47.6,32.24090909090909,24.200000000000006,24.0,390.5625,23.118181818181814,19.25,51.85,7.733157894736843,36.3,10.7,13.671428571428573,17.045833333333334,61.1,39.0425,31.5,29.15,63.52857142857143,81.2,47.9,53.629411764705885,29.394444444444453,22.2,98.66666666666669,62.4125,14.45,60.9875,14.95,34.95,10.35,11.65,22.55,19.4,224.0,191.5,24.1,9.453333333333333,26.25,8.53,10.1,13.65,19.1,8.229743589743594,18.540000000000006,58.36875,117.66666666666669,13.95,50.0,67.9,18.597345132743364,93.2,34.1,95.31,150.0,36.99666666666667,55.58,8.83,105.0,59.6,71.91428571428571,426.0,35.2,212.66666666666663,15.95,198.8,186.5,92.5,257.5,41.35,86.4,37.3,35.42727272727272,33.45,57.5,71.35,60.944444444444436,70.55,29.8,538.0,20.178571428571427,55.65000000000001,381.5,250.5,33.31875,11.5171875,160.6,37.2,85.77499999999998,43.101111111111116,130.16666666666666,96.725,288.5,62.39999999999999,226.0,43.4,11.0,98.26818181818182,279.0,346.5,16.7,16.05,55.161538461538456,47.930769230769215,9.275833333333333,20.06875,13.291772151898735,23.975,12.218181818181815,11.25,19.15,15.905,210.0,2905.0,103.0,11.32763157894737,70.56666666666666,87.0,14.135714285714286,76.5,49.65
74.8,9.14,30.1,30.8,14.3,273.5,26.8,53.4,106.0909090909091,181.0,7.73,70.6,24.649999999999995,28.875,42.8,108.5,42.05,13.15,18.25,36.8,183.0,439.5,29.75,20.84761904761905,47.7,32.25,24.241666666666664,24.0,391.0,23.149999999999995,19.243604651162787,51.85,7.748110236220473,36.3,10.75,13.65,17.0453125,61.1,39.1,31.5,29.15,63.55714285714286,81.2,47.92,53.7,29.3625,22.2,98.7,62.4,14.439999999999998,61.0,15.0,34.95,10.366666666666667,11.61,22.6,19.35,224.5,191.5,24.15,9.45,26.273809523809533,8.53,10.053703703703707,13.65,19.1,8.217752808988765,18.55,58.3,118.0,13.941666666666668,49.95,67.91428571428571,18.62485549132948,93.17142857142859,34.05,95.4,150.0,36.95,55.52658227848102,8.8,105.0,59.555555555555564,71.9875,426.375,35.2,213.5,15.95,199.0,187.0,92.525,256.0,41.35,86.1,37.33000000000001,35.4,33.4,57.48333333333333,71.3125,61.0,70.6,29.766666666666666,537.7058823529412,20.194444444444443,55.7,382.0,250.5,33.30833333333333,11.5,160.85714285714286,37.2125,85.78125000000001,43.109722222222224,130.46296296296296,96.725,288.5,62.35,226.0,43.4,11.04318181818182,98.2,278.94444444444446,346.25,16.7,16.0,55.2,47.92903225806453,9.273548387096774,20.071052631578947,13.25,23.975,12.2125,11.25,19.2,15.925,210.0,2909.583333333333,102.625,11.349999999999998,70.5222222222222,86.9,14.15,76.5,49.675
74.7,9.14,30.1,30.8875,14.266666666666666,273.5,26.8,53.5,106.25,181.5,7.72,70.5,24.65,28.85,42.85,108.0,42.05,13.15,18.3,36.8,183.0,439.5,29.75,20.846153846153847,47.6,32.25,24.200000000000006,24.0,390.5625,23.116129032258065,19.267808219178086,51.86666666666667,7.730000000000001,36.3,10.7,13.65,17.04,61.1,39.057692307692314,31.5,29.14,63.55,81.2,47.9,53.72500000000001,29.4,22.2,98.7,62.4125,14.45,60.899999999999984,14.95,34.95,10.35,11.65,22.58333333333333,19.4,224.0,191.5,24.1,9.453333333333333,26.28076923076923,8.525,10.1,13.65,19.1,8.224615384615383,18.552678571428565,58.36875,118.0,13.95,50.0,67.93333333333334,18.628160919540235,93.11666666666667,34.0625,95.31428571428572,150.0,37.0,55.6,8.8,105.0,59.6,71.91428571428571,426.0,35.2,213.5,15.95,199.0,186.5,92.5,257.5,41.325,86.1,37.3,35.4,33.4,57.48571428571428,71.5,61.0,70.5,29.75,537.0,20.188888888888886,55.66666666666666,381.5,250.5,33.3,11.503125,160.875,37.20454545454545,85.78615384615384,43.1125,130.33333333333334,96.7846153846154,288.5,62.375,226.0,43.4,11.0,98.2625,279.0,346.5,16.699999999999996,16.05,55.17727272727273,47.91969696969698,9.27047619047619,20.079545454545453,13.3,23.95,12.25,11.2125,19.15,15.929411764705884,210.0,2905.0,103.0,11.315,70.59230769230768,86.9,14.1,76.5,49.65
74.73333333333333,9.14,30.1,30.8,14.3,273.5,26.81875,53.4,106.25,181.0,7.72,70.6,24.649999999999995,28.866666666666664,42.8,108.5,42.05,13.150000000000002,18.28333333333333,36.8,183.0,439.5,29.75,20.85,47.7,32.25,24.241666666666664,24.0,391.0,23.149999999999995,19.26621621621621,51.85,7.73,36.35,10.75,13.65,17.05,61.1,39.072222222222216,31.475,29.15,63.526666666666664,81.2,47.9,53.7,29.4,22.2,98.7,62.41666666666666,14.439999999999998,60.9375,14.95,34.9,10.4,11.65,22.6,19.396153846153844,224.5,191.5,24.15,9.45,26.273809523809533,8.53,10.1,13.65,19.05,8.211964285714286,18.6,58.4,117.8,13.941666666666668,49.95,67.9,18.563103448275864,93.1,34.05,95.4,150.0,36.975,55.6,8.815882352941179,105.0,59.55,71.9,426.375,35.225,213.25,15.95,199.0,187.0,92.525,256.0,41.35,86.3,37.33000000000001,35.40757575757575,33.4,57.49166666666667,71.5,61.0,70.56666666666666,29.77083333333333,537.0,20.198076923076922,55.7,382.41666666666674,250.5,33.3,11.5,160.75,37.20384615384616,85.7,43.13636363636363,130.5,96.725,288.5,62.36666666666667,226.0,43.4,11.0,98.20000000000002,279.0,346.375,16.712345679012348,16.05,55.2,47.95,9.272592592592591,20.097222222222225,13.285714285714285,24.0,12.208333333333336,11.25,19.198076923076922,15.9,210.0,2910.0,102.61111111111113,11.3,70.5125,87.0,14.149928571428573,76.5,49.7
74.8,9.14,30.1,30.8875,14.266666666666666,273.5,26.850000000000005,53.5,106.5,181.5,7.72,70.6,24.6,28.85,42.85,108.0,42.027272727272724,13.15,18.2,36.8,183.0,440.0,29.75,20.846153846153847,47.675,32.275,24.200000000000006,24.0,390.5625,23.15,19.255803571428565,51.86666666666667,7.746666666666667,36.35,10.7,13.65,17.018055555555556,61.1,39.083333333333336,31.5,29.14,63.5,81.2,47.95,54.0076923076923,29.450000000000006,22.2,98.7,62.4,14.4,60.91875,14.95,34.95,10.35,11.65,22.58333333333333,19.37142857142857,224.0,191.5,24.1,9.453333333333333,26.25,8.525833333333333,10.1,13.65,19.05,8.213076923076924,18.600649350649352,58.39999999999999,117.64285714285714,13.9,50.0,67.9090909090909,18.623529411764704,93.20000000000002,34.05,95.31428571428572,150.0,37.0,55.6,8.81,105.0,59.6,71.9,426.0,35.25,213.5,15.95,199.57438016528926,186.75,92.5,257.5,41.35,86.2,37.35,35.35,33.4,57.475,71.4,60.9,70.5,29.771428571428572,537.6,20.178571428571427,55.7,381.5,250.5,33.3,11.511538461538462,160.875,37.20625,85.78666666666666,43.14791666666667,130.41304347826087,96.8,288.5,62.36666666666667,226.0,43.4,11.047222222222222,98.22857142857143,279.0,346.5,16.745,16.03888888888889,55.2,47.91,9.2818,20.052380952380954,13.3,24.0,12.25,11.2125,19.196153846153845,15.949999999999998,210.0,2905.0,103.0,11.302100840336134,70.6,87.0,14.15,76.5,49.70000000000001
74.73333333333333,9.14,30.116666666666664,30.95,14.3,273.5,26.81875,53.4,106.5,181.0,7.72,70.6,24.65,28.9,42.8,108.5,42.0,13.15,18.28333333333333,36.8,183.0,439.5,29.7,20.85,47.7,32.25,24.241666666666664,24.0,391.0,23.15,19.202380952380953,51.9,7.738275862068965,36.35,10.75,13.65,17.05,61.1,39.07,31.5,29.15,63.470588235294116,81.2,47.925,54.085714285714296,29.45208333333333,22.2,98.7,62.4,14.4,60.95,14.95,34.93333333333334,10.4,11.650625000000002,22.575000000000006,19.396153846153844,224.5,191.5,24.15,9.45,26.2625,8.52375,10.1,13.65,19.05,8.23,18.573,58.3,117.75,13.9,49.95,67.8,18.566666666666666,93.1,34.06666666666666,95.3,150.41666666666666,36.9,55.6,8.84,105.0,59.6,71.9,426.0,35.25,213.3,15.95,200.0,187.0,92.525,256.0,41.3,86.18333333333334,37.4,35.40757575757575,33.42222222222223,57.45,71.4,61.0,70.50909090909092,29.75,537.0,20.2,55.65862068965518,383.0,250.5,33.322222222222216,11.5,160.5,37.21521739130436,85.78125,43.14999999999999,130.46428571428572,96.8,288.5,62.33333333333332,225.5,43.4,11.025,98.2,279.0,346.5,16.731642512077293,16.0,55.2,47.94051724137931,9.280625,20.082352941176477,13.3,23.98333333333333,12.25,11.25,19.194444444444443,15.9,210.0,2910.0,103.0,11.35,70.6,87.1,14.178571428571427,76.5,49.65
74.8,9.14,30.1,30.95,14.266666666666666,273.3333333333333,26.85,53.4,106.0,181.5,7.72,70.6,24.6,28.85,42.85,108.0,42.027272727272724,13.15,18.2,36.8,183.0,440.0,29.75,20.846153846153847,47.7,32.275,24.2,24.0,391.0,23.133333333333336,19.185294117647054,51.8,7.739957081545064,36.35,10.7,13.65625,17.09642857142857,61.1,39.09,31.45,29.1,63.59787234042554,81.2,47.9,54.074074074074076,29.5,22.2,98.7,62.46666666666667,14.4,60.92727272727272,14.95,34.95,10.375,11.65,22.575000000000006,19.37142857142857,224.0,191.5,24.1,9.453333333333333,26.3,8.53,10.1,13.65,19.05,8.213076923076924,18.62727272727273,58.3,117.75,13.95,50.0,67.86,18.599468085106388,93.15,34.04137931034482,95.2,150.0,36.98333333333333,55.6,8.83,105.0,59.6,71.92857142857143,426.0,35.25,213.5,15.95,200.0,186.75,92.5,257.5,41.35,86.25,37.40000000000001,35.35500000000001,33.4,57.5,71.4,61.0,70.55,29.75,537.6,20.16923076923077,55.75,381.5,250.5,33.30625,11.503125,160.91666666666666,37.2,85.8,43.15,130.58490566037736,96.79999999999998,288.5,62.36666666666667,226.0,43.35,11.039285714285716,98.2,279.0,346.5,16.734615384615385,16.05,55.2,47.93571428571428,9.280588235294116,20.05,13.3,23.994444444444447,12.216455696202528,11.2125,19.2,15.91851851851852,210.0,2905.0,102.78571428571428,11.329166666666666,70.50666666666666,87.03333333333335,14.185714285714289,76.45,49.7
74.73333333333333,9.14,30.1,30.95,14.3,273.5,26.85,53.4,106.5,181.0,7.727142857142858,70.6,24.65,28.9,42.8,108.5,42.05,13.15,18.25,36.8,183.0,439.5,29.7,20.80227272727273,47.7,32.2,24.241666666666664,24.0,391.0,23.100000000000005,19.205172413793107,51.9,7.741626016260162,36.35,10.75,13.65,17.008333333333333,61.1,39.083333333333336,31.45,29.15,63.61076923076924,81.2,47.9,54.06666666666666,29.5140625,22.2,98.65,62.48,14.4,61.0,14.95,34.93333333333334,10.35,11.650625000000002,22.55,19.375,224.5,191.5,24.1,9.45,26.3,8.519999999999998,10.1,13.65,19.05,8.22,18.5828125,58.3,117.875,13.9,50.0,67.9,18.550000000000004,93.2,34.016666666666666,95.3,150.0,36.95,55.50344827586206,8.81,105.0,59.6,71.9,427.0,35.25,213.5,15.95,200.20588235294116,187.0,92.525,256.0,41.35,86.2,37.4,35.40757575757575,33.425,57.44545454545455,71.4,61.0,70.50909090909092,29.75,537.9333333333333,20.16470588235294,55.8,383.0,250.5,33.35,11.50357142857143,161.04761904761904,37.207142857142856,85.77272727272727,43.10048076923078,130.625,96.8,288.5,62.35,225.5,43.4,11.042857142857144,98.3,279.0,346.5,16.75,16.0,55.2,47.95,9.28422222222222,20.1,13.260204081632653,24.0,12.25,11.245238095238097,19.19722222222222,15.927272727272726,209.83333333333331,2910.0,103.0,11.35,70.6,87.0,14.19,76.5,49.67
74.8,9.14,30.13125,30.95,14.266666666666666,273.6666666666667,26.9,53.4,106.5,181.5,7.72,70.6,24.6,28.85,42.85,108.0,42.1,13.15,18.25,36.8,183.0,440.0,29.75,20.85,47.7,32.275,24.2,24.0,391.0,23.15,19.25,51.81428571428571,7.739,36.35,10.75,13.65,17.093636363636364,61.1,39.025,31.46666666666667,29.1,63.70000000000001,81.33333333333333,47.925,54.05384615384616,29.550000000000004,22.193749999999994,98.6,62.44166666666666,14.4,60.94285714285714,14.95,34.95,10.375,11.65,22.6,19.4,224.0,191.5,24.1,9.453333333333333,26.256250000000005,8.527142857142858,10.1,13.65,19.05,8.22,18.57058823529412,58.3,117.58333333333331,13.908333333333333,50.0,67.8,18.582758620689656,93.2,34.025,95.2,150.33333333333334,36.99,55.401851851851866,8.82,105.0,59.6,71.9,426.0,35.25,213.5,15.95,200.0,186.75,92.5,257.5,41.333333333333336,86.2,37.4,35.35500000000001,33.40833333333333,57.5,71.45,61.0,70.53333333333333,29.75,537.7222222222222,20.180769230769233,55.7,381.5,250.5,33.364285714285714,11.508333333333333,161.25,37.2,85.77692307692307,43.09615384615384,130.95652173913044,96.8181818181818,289.0,62.36666666666666,226.0,43.35,11.0,98.24545454545456,279.0,346.5,16.75,16.01153846153846,55.2,47.93333333333334,9.284444444444444,20.07758620689655,13.284848484848485,23.99583333333333,12.25,11.2125,19.17,15.935294117647054,210.0,2905.0,102.78571428571428,11.30294117647059,70.51176470588236,87.0,14.183333333333335,76.45,49.70000000000001
74.7,9.14,30.1,30.95,14.3,273.5,26.85,53.4,106.0,181.0,7.727142857142858,70.6,24.65,28.9,42.79999999999999,108.5,42.1,13.15,18.25,36.8,183.0,439.5,29.75,20.8,47.7,32.25,24.25,24.025,391.5,23.15,19.24047619047619,51.9,7.746896551724138,36.35,10.725,13.65,17.083333333333336,61.1,38.93888888888889,31.45,29.1,63.69259259259261,81.2,47.95,54.10000000000001,29.564285714285713,22.19705882352941,98.43333333333332,62.49166666666667,14.4,60.99565217391305,14.949999999999998,34.93333333333334,10.357142857142858,11.65,22.6,19.4,224.5,191.0,24.1,9.45,26.268965517241373,8.52441176470588,10.1,13.65,19.075000000000006,8.225000000000001,18.6,58.2,117.54545454545456,13.949999999999998,50.0,67.8,18.55,93.25,34.04354838709677,95.3,150.0,36.95,55.4,8.81,105.05,59.6,71.9,427.0,35.25,214.0,15.95,199.92857142857144,187.0,92.4,256.0,41.35,86.22500000000002,37.4,35.36851851851851,33.4375,57.46666666666667,71.4,61.0,70.5,29.75,538.0,20.178205128205125,55.625,383.5,250.5,33.3,11.5125,161.0,37.21818181818182,85.7722222222222,43.09027777777778,130.5,96.8,289.0,62.40000000000001,225.5,43.4,11.008333333333333,98.2,279.0,346.5,16.75,16.05,55.2,47.92878787878789,9.274714285714284,20.0825,13.3,23.9875,12.25,11.25,19.19782608695652,15.9,209.9090909090909,2910.0,102.6,11.329310344827585,70.6,87.0,14.179999999999998,76.46000000000002,49.7
74.8,9.14,30.1,31.004166666666666,14.25,273.5,26.9,53.4,106.375,180.5,7.72,70.6,24.6,28.85,42.85,108.5,42.1,13.15,18.25,36.8,183.0,440.0,29.75,20.85,47.7,32.25,24.2,24.0,391.5,23.146875,19.2375,51.9,7.74,36.35,10.75,13.65,17.05909090909091,61.2,39.035,31.46666666666667,29.1,63.71333333333334,81.33333333333333,47.96666666666667,54.09375000000001,29.59000000000001,22.1625,98.6,62.42,14.4,60.9079365079365,14.95,34.95,10.35,11.65,22.6,19.4,224.0,191.25,24.1,9.45,26.26,8.5275,10.1,13.65,19.05,8.22,18.613636363636363,58.2,117.58333333333331,13.949999999999998,50.0,67.8,18.55,93.3,34.05,95.3,150.0,37.0,55.4,8.82,105.0,59.58,71.93333333333334,426.0,35.25,213.5,16.0,199.5,186.75,92.5,257.5,41.333333333333336,86.3,37.4,35.39444444444444,33.40833333333333,57.5,71.4,61.0,70.5,29.75,538.4545454545455,20.184848484848487,55.7,381.5,250.5,33.35,11.503125,161.125,37.20333333333333,85.74761904761905,43.084210526315786,130.5,96.825,289.0,62.44,226.0,43.35,11.05,98.2235294117647,279.0,346.27272727272725,16.75,16.05,55.3,47.94326923076925,9.274444444444443,20.06,13.3,24.0,12.2125,11.25,19.176470588235293,15.921428571428573,210.0,2910.0,103.0,11.310975609756095,70.58333333333333,87.0,14.19375,76.5,49.7
74.7,9.14,30.1,31.15,14.3,273.5,26.85,53.4,106.0,180.5,7.71969696969697,70.7,24.65,28.85,42.79999999999999,108.5,42.05,13.15,18.25,36.8,183.0,439.5,29.75,20.8,47.7,32.2,24.25,24.025,391.5,23.137500000000006,19.23,51.9,7.739032258064517,36.35,10.7,13.65,17.0968253968254,61.2,39.0,31.45,29.1,63.77,81.2,47.95,54.085,29.55,22.15869565217391,98.5,62.5,14.45,60.975,14.949999999999998,34.93333333333334,10.4,11.65,22.6,19.35,224.5,191.0,24.1,9.45,26.26,8.52,10.1,13.65,19.075000000000006,8.225000000000001,18.638461538461534,58.2,117.6,13.949999999999998,50.0,67.88333333333334,18.58105263157895,93.40000000000002,34.08888888888889,95.2,150.0,37.0,55.5,8.83,105.28571428571428,59.5,71.9,427.0,35.25,213.7142857142857,15.95,199.0,186.5,92.4,256.0,41.35,86.22500000000002,37.4,35.35500000000001,33.41428571428572,57.4,71.4,61.0,70.56666666666666,29.777777777777782,539.0,20.2,55.6969696969697,383.5,250.5,33.3,11.507865168539329,161.0,37.24,85.77857142857142,43.1,130.95238095238096,96.8,289.0,62.45,226.0,43.4,11.004,98.26,279.0,346.5,16.791618497109827,16.0,55.3,47.93958333333333,9.274117647058821,20.065384615384616,13.3,24.05,12.23,11.25,19.19473684210526,15.9,209.75,2910.0,102.61111111111113,11.346875,70.51875,87.0,14.183333333333332,76.5,49.7
74.8,9.14,30.1,31.004166666666666,14.25,273.5,26.899999999999995,53.4,106.07142857142857,180.5,7.72,70.8,24.65,28.85,42.825,108.5,42.05,13.15,18.25,36.8,183.0,440.0,29.75,20.85,47.7,32.25,24.2,24.0,391.0,23.15,19.25,51.9,7.731818181818181,36.35,10.75,13.65,17.1,61.1,38.945,31.45,29.1,63.8,81.33333333333333,47.95,54.04571428571428,29.55,22.157142857142855,98.375,62.5,14.4,60.9,14.95,34.95,10.395454545454543,11.65,22.6,19.4,224.0,191.25,24.1,9.45,26.25,8.53,10.1,13.65,19.06913580246913,8.222000000000001,18.64,58.20000000000001,118.0,13.95,50.0,67.9,18.55,93.4,34.06666666666666,95.26666666666668,150.0,37.0,55.4,8.82,105.0,59.49756097560976,71.9,426.0,35.2,213.5,16.0,198.5,186.5,92.4,257.5,41.35,86.4,37.35,35.4,33.4,57.5,71.4,61.0,70.5,29.785294117647055,540.0,20.186764705882357,55.8,383.5,250.5,33.35,11.506521739130434,161.125,37.2,85.72999999999998,43.093125,130.86363636363637,96.80833333333334,289.0,62.5,226.0,43.35,11.047058823529413,98.2,279.0,346.5,16.785795454545454,16.0,55.29999999999999,47.91875000000001,9.274137931034485,20.079245283018867,13.3,24.00588235294118,12.23125,11.25,19.15,15.936666666666666,210.0,2910.0,103.0,11.309523809523812,70.6,86.9,14.185,76.5,49.65
74.7,9.14,30.1,31.15,14.3,273.8333333333333,26.85,53.4,106.5,180.5,7.7200000000000015,70.8,24.65,28.85,42.79999999999999,108.25,42.0,13.15,18.25,36.8,183.0,439.5,29.75,20.85,47.7,32.2,24.25,24.025,391.5,23.144067796610173,19.2125,51.9,7.729999999999999,36.35,10.7,13.65,17.099999999999998,61.1,39.02,31.46,29.18428571428571,63.858024691358025,81.2,47.95,54.20000000000001,29.55,22.2,98.5,62.40833333333333,14.45,60.9,14.949999999999998,34.9,10.358333333333333,11.65,22.557142857142853,19.35,224.5,191.0,24.15,9.45,26.25,8.52,10.1,13.65,19.05,8.221428571428572,18.6,58.3,117.83333333333331,13.95,49.95,67.91666666666667,18.55617283950617,93.39545454545456,34.0625,95.2,150.0,36.95,55.48333333333333,8.82,105.0625,59.48461538461538,71.9,427.0,35.2,213.7142857142857,15.95,198.75,186.5,92.4,256.0,41.35,86.32000000000002,37.4,35.35,33.45,57.46666666666667,71.4,60.9,70.56666666666666,29.78333333333333,540.0,20.19183673469388,55.72500000000001,383.5,250.5,33.35,11.5,161.02,37.208333333333336,85.8,43.08913043478261,130.94,96.88695652173914,289.0,62.5,226.0,43.4,11.05,98.2,279.0,346.5,16.799999999999994,16.05,55.27058823529411,47.95,9.272,20.05,13.3,24.0,12.25,11.25,19.19705882352941,15.9,209.75,2910.0,102.57142857142857,11.30483870967742,70.6,87.0,14.183333333333335,76.5,49.7
74.8,9.13,30.107142857142858,31.004166666666666,14.3,273.5,26.875,53.5,106.07142857142857,180.5,7.72,70.8,24.6,28.85,42.79999999999999,108.5,42.095454545454544,13.15,18.297727272727272,36.75,183.0,440.0,29.75,20.85,47.7,32.25,24.2,24.0,391.0,23.15,19.25,51.83333333333334,7.75,36.35,10.75,13.65,17.099450549450548,61.1,39.03,31.45,29.19782608695652,64.03769841269842,81.3,47.975,54.09,29.53695652173913,22.2,98.5,62.47142857142857,14.4,60.90303030303031,14.95,34.95,10.35,11.65,22.58333333333333,19.4,224.0,191.0,24.1,9.45,26.25,8.523157894736842,10.1,13.650000000000002,19.05,8.223333333333334,18.64090909090909,58.4,118.0,13.95,49.975,67.9,18.55,93.3,34.05,95.2,150.0,36.98125,55.4,8.82,105.0,59.4,71.93333333333334,426.0,35.2,213.5,16.0,198.625,186.5,92.5,257.5,41.35,86.3,37.35,35.4,33.458333333333336,57.45,71.4,60.99,70.6,29.785294117647055,540.7368421052631,20.197058823529414,55.7,383.5,250.5,33.35,11.5025,161.0,37.2,85.7125,43.15,130.875,96.89814814814815,289.0,62.5,225.5,43.35,11.05,98.20714285714286,279.0,346.5,16.8,16.03888888888889,55.20000000000001,47.94659090909091,9.272307692307693,20.081818181818182,13.3,24.0,12.24,11.25,19.2,15.9,210.0,2910.0,103.0,11.327083333333333,70.51764705882353,86.9,14.19090909090909,76.5,49.7
74.7,9.13,30.1,31.15,14.3,274.0,26.9,53.5,106.5,180.5,7.72,70.8,24.65,28.85,42.79999999999999,108.0,42.0,13.15,18.25,36.8,183.0,439.5,29.75,20.808333333333334,47.7,32.2,24.25,24.025,391.5,23.12142857142857,19.25,51.8875,7.74904761904762,36.35,10.7,13.660000000000002,17.05,61.1,39.0,31.45,29.15,64.17727272727272,81.375,47.95,54.02,29.576000000000004,22.15,98.33333333333331,62.5,14.4,60.90000000000001,14.949999999999998,34.9,10.35,11.65,22.557142857142853,19.35,224.5,191.0,24.15,9.45,26.27,8.522142857142857,10.1,13.65,19.088043478260868,8.23,18.6,58.4,117.75,13.95,49.96666666666667,67.98235294117647,18.5,93.216091954023,34.06666666666666,95.25,150.0,36.95416666666667,55.5,8.82,105.0,59.4,71.89999999999998,427.0,35.3,212.79411764705884,15.95,198.83333333333331,186.5,92.4,256.0,41.35,86.4,37.4,35.45,33.45,57.5,71.4,61.0,70.5,29.75,541.0,20.185135135135134,55.72000000000001,383.5,250.5,33.364285714285714,11.503846153846155,161.0,37.21250000000001,85.80000000000003,43.1195652173913,130.94,96.9,289.0,62.488888888888894,226.0,43.4,11.048850574712644,98.2,279.0,346.25,16.78793103448276,16.05,55.20000000000001,47.93846153846153,9.270571428571428,20.092307692307696,13.259803921568627,24.02222222222223,12.21,11.25,19.18275862068965,15.90125,210.0,2910.0,102.57142857142857,11.34736842105263,70.55,86.90000000000002,14.192857142857141,76.5,49.7
74.8,9.13,30.112500000000004,31.1,14.3,274.0,26.850000000000005,53.5,106.125,180.5,7.72,70.6,24.65,28.85,42.79166666666666,109.0,42.095454545454544,13.15,18.297727272727272,36.75,183.0,440.0,29.75,20.85,47.6,32.23333333333333,24.2,24.0,391.5,23.1486301369863,19.25,51.83333333333334,7.7510810810810815,36.35,10.75,13.6,17.099999999999998,61.1,39.0,31.45,29.16666666666666,64.26041666666666,81.3,47.95,54.0375,29.600000000000005,22.149999999999995,98.46666666666664,62.45,14.4,60.9,14.95,34.95,10.35,11.65,22.58333333333333,19.4,224.0,191.0,24.1,9.45,26.25,8.523333333333332,10.1,13.65,19.0875,8.223333333333334,18.646428571428565,58.4,117.66666666666669,13.95,49.9875,67.92941176470589,18.55,92.99436619718313,34.073214285714286,95.275,150.0,36.96764705882353,55.375,8.83,105.04545454545456,59.45,71.9,426.0,35.3,213.5,16.0,198.5625,186.5,92.5,257.5,41.35,86.35000000000002,37.35,35.315,33.5,57.5,71.45,61.0,70.6,29.787037037037038,542.8571428571429,20.19817073170732,55.8,383.5,250.5,33.35,11.516666666666667,161.125,37.2,85.8,43.11904761904761,130.625,96.9,289.0,62.5,225.5,43.4,11.015625,98.2,279.0,346.5,16.8,16.05,55.2,47.9111111111111,9.276875,20.060416666666672,13.3,24.0,12.25,11.208333333333336,19.1875,15.9,210.0,2910.0,102.58333333333331,11.328703703703706,70.50526315789473,86.93333333333334,14.169230769230769,76.4090909090909,49.7
74.8,9.14,30.1,31.15,14.3,273.75,26.9,53.5,106.16666666666669,180.5,7.72,70.60000000000002,24.65,28.85,42.79999999999999,108.0,42.05,13.125,18.25,36.8,183.5,439.5,29.75,20.8,47.7,32.24166666666667,24.25,24.0,391.5,23.15,19.25,51.9,7.75899441340782,36.35,10.75,13.6,17.1,61.1,39.01428571428572,31.5,29.200000000000006,64.18148148148147,81.20555555555556,47.95,54.026666666666664,29.59375,22.149999999999995,98.5,62.5,14.4,60.9,14.949999999999998,34.9,10.366666666666667,11.6,22.6,19.4,224.5,191.0,24.15,9.45,26.25,8.523846153846153,10.1,13.65,19.05,8.23,18.630000000000006,58.4,118.0,13.946551724137931,49.95,68.0,18.55,92.8,34.1,95.25,150.0,36.97666666666667,55.4,8.84,105.07142857142857,59.5625,71.9,427.0,35.3,212.79411764705884,15.95,198.9,186.5,92.3,256.0,41.3,86.36666666666667,37.38333333333333,35.4,33.45,57.40987654320989,71.4,61.0,70.5,29.78333333333333,542.0,20.19630872483221,55.72500000000001,383.5,250.5,33.35833333333333,11.502777777777776,161.0,37.2,85.79999999999998,43.132,130.90277777777777,96.8125,288.6666666666667,62.5,226.0,43.4,11.044202898550726,98.22142857142856,279.125,346.4,16.8,16.0,55.2,47.92826086956522,9.276341463414633,20.067500000000006,13.301923076923076,24.0,12.216666666666667,11.2375,19.19375,15.95,210.0,2910.0,103.0,11.35,70.54444444444444,86.9,14.15,76.5,49.675
74.8,9.13,30.1,31.1,14.3,274.0,26.86875,53.5,106.5,180.5,7.72,70.6,24.65,28.85,42.8,109.0,42.05,13.15,18.25,36.75,183.375,440.0,29.75,20.85,47.6,32.25,24.2,24.0,391.5,23.15,19.25,51.9,7.768684210526315,36.35,10.699999999999998,13.65,17.1,61.1,39.07727272727273,31.45,29.2,64.32058823529411,81.2,47.95833333333334,54.03283582089552,29.588461538461537,22.14666666666666,98.5,62.4,14.449999999999998,60.93846153846153,14.95,34.95,10.375,11.65,22.55,19.4,224.0,191.0,24.15,9.46,26.25,8.53,10.1,13.679999999999998,19.0875,8.223333333333334,18.638181818181817,58.40000000000001,117.5,13.95,49.95,68.03333333333335,18.55,92.86153846153844,34.05,95.275,150.0,37.0,55.4,8.83,104.5,59.5,71.9,426.0,35.3,213.5,16.0,199.0,186.5,92.6,257.5,41.35,86.4,37.36666666666667,35.433333333333344,33.45,57.4,71.5,60.9,70.56666666666666,29.78392857142857,542.8666666666667,20.2,55.8,383.5,250.5,33.35,11.505263157894735,161.0,37.205999999999996,85.79879518072288,43.11951219512196,130.8125,96.9,289.0,62.5,226.0,43.4,11.0275,98.29259259259258,279.0,346.5,16.8,16.0375,55.2,47.94000000000001,9.27375,20.08125,13.3,24.0,12.24705882352941,11.25,19.15,15.9,210.0,2910.0,103.0,11.35,70.51428571428572,86.97999999999998,14.15,76.4090909090909,49.65
74.7,9.13,30.125,31.15,14.3,274.0,26.9,53.5,106.16666666666669,180.5,7.72,70.55,24.65,28.875,42.79999999999999,108.0,42.05,13.125,18.25,36.8,183.5,440.0,29.75,20.8,47.7,32.25,24.25,24.0,391.5,23.111764705882354,19.25,51.9,7.767045454545454,36.325,10.699999999999998,13.65,17.1,61.1,39.04,31.5,29.2,64.26296296296297,81.20555555555556,47.95,53.89545454545455,29.575000000000006,22.149999999999995,98.5,62.421428571428564,14.4,60.99285714285714,14.949999999999998,34.9,10.35,11.65,22.55,19.35,224.5,191.0,24.133333333333336,9.46,26.25,8.53,10.1,13.679999999999998,19.058333333333334,8.23,18.6,58.4,118.0,13.946551724137931,49.95,68.07142857142857,18.598750000000006,92.8,34.06666666666666,95.2,150.25,36.97666666666667,55.303225806451614,8.84,104.57142857142857,59.5,71.9,427.0,35.3,213.5,15.95,199.0,186.5,92.3,256.0,41.3,86.4,37.38333333333333,35.404347826086955,33.45,57.48571428571428,71.4,60.922222222222224,70.5,29.75666666666667,543.0,20.19772727272727,55.7875,383.5,250.5,33.35,11.511538461538462,161.0,37.21363636363637,85.79375,43.10555555555555,130.95833333333334,96.83333333333331,288.6666666666667,62.47000000000001,226.0,43.4,11.039361702127659,98.25806451612905,279.0,347.0,16.8,16.03,55.17727272727273,47.94431818181818,9.277777777777775,20.076666666666668,13.301923076923076,24.0,12.2,11.25,19.2,15.949999999999998,210.0,2915.0,102.61111111111113,11.341843971631205,70.50909090909092,87.0,14.172222222222226,76.45,49.7
74.8,9.13952380952381,30.13888888888889,31.1625,14.3,274.0,26.85,53.5,106.42857142857143,180.5,7.72,70.4,24.65,28.85,42.8,109.0,42.078,13.15,18.28333333333333,36.75,183.5,440.0,29.8,20.85,47.7,32.25,24.2,24.0,391.5,23.15,19.25,51.9,7.76377358490566,36.35,10.7,13.65,17.1,61.1,39.0,31.47,29.19,64.305,81.23333333333333,47.988888888888894,53.81538461538461,29.557142857142853,22.15,98.5,62.4,14.449999999999998,60.89999999999999,14.95,34.95,10.35,11.6,22.55,19.4,224.0,190.75,24.1,9.46,26.25,8.52375,10.1,13.679999999999998,19.05,8.222142857142858,18.63809523809524,58.4,117.56521739130434,13.95,49.96666666666667,68.03333333333335,18.569230769230767,92.79444444444445,34.06666666666666,95.3,150.0,36.89999999999999,55.3,8.836666666666666,104.5,59.54,71.89999999999998,426.0,35.3,213.5,16.0,199.0,186.5,92.6,257.5,41.333333333333336,86.4,37.35,35.3,33.45,57.4,71.4,61.0,70.5,29.785714285714285,544.0,20.198148148148146,55.79999999999999,383.5,250.5,33.35,11.50357142857143,161.25,37.2,85.79824561403507,43.10108695652174,130.5,96.8,288.5,62.5,226.25,43.4,11.05,98.2,279.0,346.5,16.8,16.042857142857144,55.2,47.95,9.2825,20.1,13.3,24.0,12.24074074074074,11.25,19.2,15.924242424242426,210.0,2919.615384615385,103.0,11.35,70.54615384615384,87.0,14.186363636363636,76.5,49.675
74.7,9.13,30.1,31.1,14.3,274.0,26.9,53.5,106.5,180.0,7.72,70.55,24.65,28.85,42.76428571428572,108.0,42.1,13.125,18.25,36.8,183.125,440.0,29.75,20.85,47.7,32.25,24.25,24.0,391.5,23.125,19.25,51.9,7.76,36.325,10.745,13.63125,17.097916666666666,61.1,39.05,31.45,29.2,64.22631578947369,81.2,47.93571428571429,53.81428571428571,29.575000000000006,22.15,98.4,62.47142857142857,14.4,60.9,14.95,34.9,10.352380952380953,11.6,22.55,19.359615384615385,224.5,190.5,24.133333333333336,9.46,26.25,8.52705882352941,10.1,13.699999999999998,19.05,8.23,18.646666666666665,58.485294117647065,118.0,13.95,49.95384615384615,68.0,18.589436619718317,92.75,34.05833333333333,95.2,150.0,36.875,55.4,8.84,104.5,59.525,71.8125,426.0,35.3,213.5,15.95,199.0,186.5,92.3,256.0,41.35,86.32499999999997,37.35,35.339285714285715,33.45,57.39999999999999,71.35714285714286,60.90999999999999,70.51666666666667,29.8,544.0,20.198076923076922,55.7,383.5,250.5,33.35,11.504166666666668,161.0,37.234615384615395,85.80000000000003,43.08627450980392,130.94444444444446,96.9,288.6666666666667,62.45833333333334,226.5,43.4,11.050000000000002,98.24666666666668,279.1666666666667,346.625,16.800000000000004,16.0,55.26000000000001,47.93863636363637,9.286875,20.074193548387093,13.300000000000002,24.0,12.25,11.25,19.15,15.95,210.0,2915.0,102.8695652173913,11.349999999999998,70.50416666666666,86.92500000000003,14.19,76.5,49.7
74.8,9.12,30.13888888888889,31.1625,14.3,274.2,26.85,53.5,106.5,180.5,7.72,70.4,24.633333333333336,28.85,42.8,109.0,42.078,13.15,18.25,36.75,183.25,440.0,29.78333333333333,20.85,47.7,32.25,24.2,24.0,391.5,23.113888888888887,19.25,51.79999999999999,7.751149425287356,36.3125,10.7,13.650000000000002,17.1,61.0,39.045,31.47,29.20625,64.22608695652174,81.23333333333333,47.95,53.87333333333333,29.55,22.114285714285717,98.4,62.46666666666667,14.437499999999998,60.91379310344828,14.949999999999998,34.95,10.349999999999998,11.65,22.55,19.35,224.0,190.75,24.1,9.46,26.25,8.522187500000001,10.1,13.679999999999998,19.05,8.22,18.643333333333327,58.46666666666667,118.0,13.95,49.95,68.0,18.59583333333333,92.99,34.08684210526317,95.3,150.0,36.895,55.30666666666666,8.83,104.5,59.6,71.8,426.0,35.3,213.25,16.0,198.73076923076923,186.5,92.6,257.5,41.35,86.4,37.35,35.3,33.45,57.45,71.4,60.95,70.5,29.75,544.4761904761905,20.2,55.76666666666667,383.5,250.0,33.35,11.525000000000002,161.375,37.2,85.74683544303797,43.07894736842106,130.5,96.90000000000002,288.5,62.45,226.5,43.4,11.05,98.24444444444444,279.0,346.75,16.8,16.007692307692302,55.3,47.95,9.28,20.05531914893617,13.309803921568625,24.01875,12.2,11.20625,19.2,15.946875,210.0,2920.0,102.8,11.35,70.59705882352941,86.9,14.186363636363636,76.5,49.7
74.8,9.122857142857145,30.1,31.1,14.3,274.5,26.850000000000005,53.5,106.5,180.0,7.72,70.4,24.65,28.85,42.8,108.0,42.1,13.125,18.25,36.8,183.125,440.0,29.75,20.85,47.7,32.25,24.25,24.0,391.5,23.125,19.25,51.9,7.732666666666668,36.316666666666656,10.7,13.65,17.099999999999998,61.0,39.0625,31.450000000000006,29.2,64.16470588235293,81.2,47.95000000000001,53.96,29.59166666666667,22.100000000000005,98.4,62.475,14.45,60.9,14.95,34.9,10.4,11.65,22.55,19.4,224.5,190.5,24.15,9.45,26.2625,8.53,10.1,13.666666666666664,19.05,8.224285714285715,18.65,58.5,118.0,13.95,49.925,68.0,18.6,93.01,34.0625,95.3,150.0,36.875,55.4,8.84,104.51456310679613,59.6,71.8,427.0,35.4,214.0,16.0,199.0375,186.5,92.45,256.0,41.325,86.3857142857143,37.39999999999999,35.36666666666667,33.45,57.40000000000001,71.32857142857144,60.925,70.42,29.8,544.0,20.2,55.76666666666667,383.5,250.5,33.35,11.507142857142858,161.0,37.19886363636363,85.73750000000003,43.1,130.8913043478261,96.86666666666667,289.0,62.475,226.5,43.4,11.05,98.24375,279.0,347.0,16.88313953488372,16.05,55.288095238095245,47.949038461538464,9.284210526315787,20.1,13.3,24.027777777777782,12.25,11.25,19.19411764705882,15.94,210.0,2920.0,102.83333333333331,11.328846153846152,70.53333333333333,87.0,14.177906976744184,76.5,49.7
74.8,9.12,30.15,31.1,14.3,274.2,26.85,53.5,106.5,180.5,7.7200000000000015,70.4,24.633333333333336,28.85,42.8,109.0,42.1,13.15,18.3,36.75,183.25,440.0,29.78333333333333,20.8,47.7,32.225,24.2,24.0,391.5,23.129629629629626,19.27833333333333,51.9,7.738333333333332,36.316666666666656,10.7,13.650000000000002,17.13127147766323,61.0,39.05,31.5,29.2,64.15384615384616,81.2,47.97000000000001,53.9,29.6,22.15,98.40000000000002,62.444444444444436,14.4,60.994736842105276,14.949999999999998,34.910655737704914,10.35,11.65,22.55,19.4,224.0,190.4,24.1,9.458000000000002,26.25,8.53,10.1,13.7,19.05,8.22318181818182,18.65,58.5,117.5,13.933333333333332,49.9,68.0,18.594761904761906,93.01428571428572,34.0625,95.3,150.25,36.85625,55.30666666666666,8.83,104.5,59.6,71.83333333333334,426.0,35.49230769230768,214.0,15.95,200.0,186.5,92.6,257.5,41.35,86.4,37.35,35.34375,33.457142857142856,57.48571428571428,71.3,60.9,70.4,29.75,544.0,20.1625,55.75,383.5,250.0,33.35,11.516666666666667,161.0,37.155,85.79482758620689,43.09545454545455,130.5,96.9,288.5,62.5,226.25,43.4,11.049618320610687,98.24444444444444,279.1363636363636,346.66666666666674,16.8668,16.044444444444444,55.3,47.93571428571428,9.281666666666666,20.063636363636366,13.307758620689654,24.02692307692308,12.25,11.25,19.198333333333327,15.946666666666667,210.0,2920.0,102.7,11.35,70.52857142857142,87.0,14.190625,76.5,49.70000000000001
74.7,9.122857142857145,30.1,31.075000000000006,14.3,274.1666666666667,26.85,53.5,106.0,180.0,7.72,70.3,24.65,28.85,42.77500000000001,108.0,42.05,13.15,18.3,36.8,183.125,439.5,29.8,20.85,47.65,32.25,24.25,24.05,391.5,23.14,19.25,51.9,7.75,36.35,10.7,13.66875,17.13235294117647,61.0,39.075,31.45,29.2,64.10000000000001,81.1,47.9,53.89,29.55,22.149999999999995,98.2,62.42105263157895,14.45,60.91666666666666,14.983333333333334,34.85,10.383333333333333,11.6375,22.56,19.4,224.5,190.5,24.15,9.46,26.259615384615387,8.522222222222222,10.1,13.675,19.05,8.23,18.65,58.5,117.60714285714286,13.942857142857143,49.9,68.0,18.595454545454547,93.0,34.07,95.3,150.16666666666666,36.9,55.1638655462185,8.84,104.66666666666669,59.6,71.9,427.0,35.4,214.0,15.995454545454544,200.0,186.5,92.45,256.0,41.35,86.4,37.45,35.36666666666667,33.45,57.49285714285714,71.1,60.9,70.4,29.78333333333333,544.0,20.2,55.79999999999999,383.5,250.0,33.35,11.540909090909093,161.25,37.175,85.75,43.1,130.96153846153842,96.83333333333331,289.0,62.45,226.5,43.4,11.096428571428573,98.28333333333332,279.2,347.0,16.858333333333334,16.05,55.27179487179486,47.95,9.282142857142855,20.050656660412766,13.300000000000002,24.0,12.25,11.25,19.172222222222214,15.914583333333333,210.0,2920.0,103.0,11.3484375,70.6,87.0,14.175,76.5,49.7
74.8,9.12,30.14166666666667,31.05,14.3,274.5,26.85,53.5,106.5,180.5,7.72,70.4,24.65,28.85,42.8,109.0,42.06,13.15,18.3,36.75,183.25,440.0,29.78333333333333,20.8,47.7,32.25,24.2,24.04166666666667,391.5,23.12282608695652,19.300000000000004,51.9,7.741515151515152,36.316666666666656,10.7,13.65,17.14824561403509,61.0,39.10000000000001,31.45,29.2,64.06923076923077,81.2,47.9,53.875,29.55,22.140909090909084,98.2,62.48571428571428,14.4,61.0,14.949999999999998,34.910655737704914,10.35,11.628125,22.55,19.4,224.0,190.4,24.1,9.46,26.25,8.53,10.1,13.683333333333332,19.050000000000004,8.231572052401747,18.682352941176468,58.5,117.5,13.925,49.9,68.0230769230769,18.6,92.8,34.0625,95.3,150.25,36.9,55.00337078651685,8.83,104.5,59.611111111111114,71.9,426.5,35.49230769230768,214.0,15.95,200.84210526315792,186.5,92.6,257.5,41.325,86.4,37.41666666666666,35.32727272727272,33.464285714285715,57.48571428571428,71.1,60.93333333333334,70.5,29.78611111111111,544.6923076923076,20.200000000000006,55.7625,383.5,250.0,33.35,11.550000000000002,161.08333333333334,37.2,85.78666666666666,43.075,130.625,96.9,289.0,62.5,226.25,43.4,11.054580152671758,98.20740740740742,279.0,347.0,16.873972602739727,16.0,55.28095238095237,47.93375,9.289374999999998,20.072836538461534,13.307758620689654,24.04166666666667,12.25,11.25,19.18125,15.944736842105264,209.75,2920.0,102.82352941176471,11.302985074626866,70.52941176470588,86.91304347826087,14.191176470588234,76.5,49.70000000000001
74.8,9.12,30.123684210526317,31.05,14.3,274.1666666666667,26.85,53.5,106.5,180.0,7.72,70.3,24.616666666666664,28.85,42.8,108.0,42.05,13.15,18.3,36.8,183.5,439.5,29.8,20.85,47.65,32.25,24.2,24.05,391.5,23.14,19.3,51.79999999999999,7.75,36.30833333333333,10.7,13.659523809523812,17.15025,61.0,39.09285714285715,31.45,29.236363636363638,64.08064516129032,81.1,47.925,53.86,29.55,22.100000000000005,98.15,62.5,14.4,61.0,15.0,34.85,10.383333333333333,11.643750000000002,22.58571428571429,19.4,224.5,190.5,24.15,9.46,26.26851851851852,8.53,10.1,13.687499999999998,19.05,8.24,18.650925925925925,58.5,117.66666666666669,13.95,49.9,68.05,18.586842105263155,93.0,34.05714285714286,95.35,150.42857142857142,36.878571428571426,55.00806451612904,8.84,104.5,59.56,71.9,426.5,35.5,213.5625,16.0,200.85714285714286,186.5,92.45,256.0,41.35,86.4,37.4,35.47777777777778,33.45,57.4,71.1,60.914285714285704,70.3,29.781818181818185,544.0,20.2,55.725,383.5,250.0,33.35,11.501470588235295,161.3125,37.15652173913043,85.77499999999998,43.09545454545456,130.5,96.83,289.0,62.488888888888894,226.5,43.4,11.05,98.3048951048951,279.25,346.5,16.891666666666666,16.0,55.28,47.94482758620689,9.28074074074074,20.048571428571428,13.302631578947368,24.0,12.25,11.242857142857144,19.183333333333334,15.936486486486485,210.0,2920.0,103.0,11.35,70.5125,87.0,14.196341463414635,76.5,49.69750000000001
74.81666666666666,9.12,30.14166666666667,31.05,14.3,274.5,26.85,53.5,106.5,180.5,7.72,70.4,24.6,28.85,42.8,108.85714285714286,42.06,13.15,18.3,36.75,183.5,440.0,29.78333333333333,20.8,47.7,32.25,24.2,24.05,391.5,23.144444444444442,19.290740740740738,51.78,7.749714285714287,36.316666666666656,10.7,13.65,17.19705882352941,60.83333333333334,39.05714285714286,31.45,29.24090909090909,64.16071428571429,81.2,47.925,53.977777777777774,29.55,22.1,98.3,62.424,14.45,60.981481481481474,14.949999999999998,34.85,10.357142857142858,11.65,22.55,19.4,224.0,190.4,24.1,9.46,26.25,8.531470588235294,10.1,13.69,19.050000000000004,8.237,18.666666666666668,58.5,118.0,13.9,49.9,68.1,18.592,93.0,34.05,95.3,150.0,36.87,55.17777777777778,8.83,104.5,59.53333333333333,71.9,426.5,35.55,214.0,15.95,200.625,186.5,92.5,257.5,41.35,86.4,37.43571428571429,35.32727272727272,33.45,57.45,71.1,60.93333333333334,70.5,29.77857142857143,544.25,20.2,55.73333333333333,383.5,250.0,33.35,11.55,160.97580645161293,37.160377358490564,85.78666666666666,43.09761904761905,130.88297872340425,96.9,289.0,62.5,226.25,43.38333333333333,11.05125,98.3125,279.25,346.1944444444445,16.896180555555553,16.0,55.28372093023256,47.9404109589041,9.281342281879194,20.04705882352941,13.307758620689654,24.0,12.25,11.25,19.17826086956521,15.949122807017545,209.75,2920.0,103.0,11.3375,70.52727272727272,86.9625,14.186666666666667,76.5,49.70000000000001
74.8,9.12,30.123684210526317,31.0,14.3,274.15384615384613,26.85,53.5,106.5,180.0,7.72,70.3,24.616666666666664,28.85,42.8,108.5,42.05,13.15,18.3,36.8,183.5,439.5,29.8,20.8375,47.65,32.25,24.21666666666667,24.05,391.5,23.13,19.3,51.8,7.74625,36.316666666666656,10.7,13.625,17.198979591836732,61.0,39.1,31.45,29.2,64.16842105263157,81.10833333333333,47.93333333333334,53.954878048780486,29.55,22.100000000000005,98.3,62.53265306122449,14.45,61.0,15.0,34.85,10.368181818181819,11.65,22.58571428571429,19.4,224.5,190.5,24.15,9.46,26.292105263157893,8.53,10.1,13.65,19.05,8.2375,18.641666666666666,58.5,117.5,13.95,49.8,68.0375,18.641176470588235,93.1,34.05,95.35,150.5,36.85,55.16,8.84,104.5,59.511111111111106,71.9,426.5,35.55,214.0,16.0,200.85294117647058,186.5,92.45,256.0,41.3,86.4,37.4,35.3,33.5,57.43333333333334,71.1,60.79999999999999,70.3,29.79285714285714,544.6666666666666,20.19705882352941,55.78,383.5,250.0,33.35,11.514285714285714,160.5,37.19285714285714,85.76000000000002,43.08474576271185,130.625,96.90000000000002,289.0,62.469230769230776,226.5,43.4,11.051162790697674,98.3,279.0,346.0,16.895454545454545,16.0,55.3,47.95000000000001,9.285,20.025,13.35,24.021428571428572,12.233333333333334,11.25,19.190625,15.936666666666667,210.0,2920.0,102.57142857142857,11.347619047619046,70.55121951219513,87.00322580645161,14.2,76.5,49.69750000000001
74.82499999999997,9.12,30.14166666666667,31.1,14.3,274.0,26.85,53.5,106.5,180.5,7.72,70.4,24.6,28.85,42.8,108.5,42.05833333333333,13.15,18.325000000000006,36.75,183.5,440.0,29.78333333333333,20.8,47.65,32.225,24.2,24.05,391.5,23.138461538461538,19.3,51.79999999999999,7.740588235294116,36.316666666666656,10.7,13.65,17.166666666666668,60.83333333333334,39.0625,31.45769230769231,29.2,64.12,81.2,47.92,53.98,29.5375,22.1,98.4,62.53333333333333,14.4,60.93823529411765,15.0,34.85,10.38,11.65,22.55,19.4,224.0,190.5,24.15,9.46,26.27586206896552,8.532499999999999,10.1,13.687499999999998,19.05,8.24,18.628,58.5,117.875,13.95,49.875,68.1,18.597826086956523,93.17,34.05,95.38571428571429,150.5,36.88076923076923,55.15000000000001,8.83,104.5,59.5,71.9,426.5,35.55,213.16666666666663,15.95,201.0,186.5,92.6,257.5,41.35,86.4,37.44913793103449,35.45,33.46875,57.4,71.3,60.975,70.5,29.8,544.9375,20.195161290322577,55.77499999999999,383.5,250.5,33.349999999999994,11.533333333333333,161.0,37.152678571428574,85.8,43.09,130.75,96.9,289.0,62.46666666666667,226.5,43.4,11.05,98.35625,279.0,346.0,16.896014492753626,16.044444444444444,55.25999999999999,47.95967741935484,9.28,20.05,13.35,24.02692307692308,12.24,11.25,19.2,15.929268292682927,209.75,2925.0,103.0,11.316666666666668,70.52727272727272,86.96666666666665,14.18888888888889,76.5,49.7
74.9,9.12,30.123684210526317,31.1,14.3,274.25,26.85,53.5,106.5,180.0,7.72,70.3,24.616666666666664,28.85,42.79999999999999,108.5,42.05,13.15,18.3,36.75454545454546,183.0,439.5,29.8,20.8,47.65,32.25,24.2,24.1,391.5,23.107142857142858,19.3,51.8,7.746,36.316666666666656,10.746666666666664,13.625,17.18706896551724,61.0,39.1,31.45,29.24705882352941,64.0108108108108,81.1,47.9,54.0,29.53333333333333,22.105,98.4,62.5,14.45,60.94666666666666,14.95,34.85,10.35,11.646428571428574,22.56,19.39444444444445,224.5,190.5,24.15,9.46,26.264285714285716,8.54,10.1,13.679999999999998,19.0,8.24,18.609259259259254,58.5,117.75,13.95,49.85,68.1,18.589864864864865,93.16666666666669,34.08,95.45,150.25,36.9,55.23333333333333,8.84,104.5,59.53846153846154,71.89999999999998,425.5,35.55,214.0,15.95,201.0,186.5,92.45,256.0,41.35,86.4,37.5,35.31363636363636,33.458333333333336,57.4,71.27499999999998,60.84,70.3,29.76875,544.8,20.2,55.77499999999999,383.5,250.5,33.3,11.521153846153847,160.71428571428572,37.18833333333335,85.79999999999998,43.08661971830986,130.66666666666666,96.9,289.0,62.46,226.5,43.4,11.05,98.3,279.1666666666667,346.0,16.88888888888889,16.004166666666666,55.29999999999999,48.0,9.274411764705881,20.033870967741933,13.304945054945057,24.0,12.238235294117649,11.245454545454548,19.19454545454545,15.946666666666665,209.75,2920.0,102.5,11.33780487804878,70.51904761904761,86.975,14.156666666666665,76.5,49.70000000000001
74.82499999999997,9.12,30.112500000000004,31.1,14.3,274.0,26.85,53.5,106.5,180.5,7.72,70.4,24.65,28.85,42.8,108.5,42.05833333333333,13.15,18.3,36.75,183.5,440.0,29.8,20.8,47.65,32.214285714285715,24.19,24.1,391.5,23.1,19.3,51.75,7.742982456140351,36.35,10.7,13.65,17.15,60.83333333333334,39.05,31.45,29.2,64.05128205128206,81.1,47.89444444444444,54.025,29.5,22.1,98.40000000000002,62.5,14.45,61.0,15.0,34.85,10.375,11.625,22.55,19.4,224.0,190.5,24.15,9.46,26.27333333333333,8.54,10.1,13.675,19.05,8.246842105263157,18.7,58.5,117.75,13.93125,49.85,68.03103448275861,18.6,93.30344827586208,34.041221374045804,95.4,150.33333333333334,36.834375,55.25,8.83,104.5,59.511111111111106,71.92500000000003,426.5,35.516666666666666,214.0,15.95,200.72916666666663,186.5,92.6,257.5,41.33750000000001,86.4,37.458333333333336,35.45,33.45,57.477777777777774,71.28999999999998,60.79999999999999,70.5,29.766666666666666,544.0,20.2,55.79333333333334,383.5,250.5,33.3,11.522972972972974,160.93333333333334,37.2,85.8,43.082,130.77272727272728,96.91,289.0,62.477777777777774,226.5,43.4,11.035714285714288,98.33529411764704,279.0,346.0,16.875454545454545,16.043750000000006,55.2875,47.994736842105254,9.281199999999998,20.04920634920635,13.3125,24.0,12.244444444444444,11.25,19.16875,15.95,210.0,2920.0,103.0,11.311111111111114,70.5,87.0,14.15,76.5,49.7
74.9,9.120454545454542,30.1,31.125,14.3,274.25,26.81875,53.5,106.5,180.0,7.72,70.3,24.616666666666664,28.85,42.8,108.5,42.05,13.125,18.3,36.75454545454546,183.25,439.5,29.850000000000005,20.8,47.65,32.25,24.2,24.075000000000006,391.5,23.100000000000005,19.3,51.8,7.744285714285715,36.3,10.7,13.666666666666664,17.158823529411762,60.9,39.016666666666666,31.45,29.25,64.05,81.13684210526317,47.85,54.01538461538462,29.5,22.12,98.4,62.494736842105276,14.4,60.93333333333334,14.95,34.9,10.35,11.65,22.55,19.4,224.5,190.5,24.15,9.465555555555557,26.28333333333333,8.54,10.1,13.699999999999998,19.0,8.246666666666668,18.691666666666666,58.5,117.75,13.9,49.85,68.1,18.579069767441858,93.3,34.01666666666667,95.4,150.0,36.8,55.23333333333333,8.83,104.5,59.5,71.89999999999998,425.5,35.475,214.1,15.95,200.84375,186.5,92.45,256.0,41.35,86.38571428571426,37.46250000000001,35.45,33.475,57.5,71.27499999999998,60.86666666666666,70.3,29.781818181818185,544.8,20.188888888888886,55.75,383.5,250.5,33.35,11.5,160.92857142857142,37.2,85.79761904761905,43.084722222222226,130.61764705882354,97.0,289.0,62.463636363636354,226.5,43.4,11.031578947368422,98.33809523809522,279.35714285714283,346.0,16.9,16.016666666666666,55.29999999999998,47.98833333333334,9.279999999999998,20.05,13.304945054945057,24.008333333333336,12.25,11.25,19.197619047619046,15.933333333333335,209.75,2920.0,103.0,11.349999999999998,70.54444444444444,87.08,14.16,76.5,49.7
74.9,9.1115,30.100000000000005,31.1,14.304716981132074,274.0,26.85,53.5,106.5,180.5,7.7200000000000015,70.43333333333334,24.65,28.9,42.8,108.5,42.05,13.15,18.25,36.75,183.5,440.0,29.85,20.8,47.65,32.25,24.19,24.100000000000005,391.875,23.141666666666666,19.3,51.8,7.75,36.35,10.7,13.65,17.15990990990991,60.83333333333334,39.083333333333336,31.45,29.2,64.1,81.10000000000002,47.85833333333333,54.034615384615385,29.55,22.100000000000005,98.4,62.4,14.45,60.992,15.0,34.891666666666666,10.4,11.6,22.566666666666666,19.358333333333334,224.0,190.5,24.15,9.46,26.25909090909091,8.535,10.1,13.679999999999998,19.05,8.24925925925926,18.685,58.5,118.0,13.925,49.85,68.00833333333334,18.587878787878786,93.23333333333332,34.0,95.5,150.33333333333334,36.855,55.3,8.83,104.5,59.5,72.0,426.5,35.516666666666666,214.0,15.95,201.0,186.75,92.6,256.3333333333333,41.35,86.5,37.458333333333336,35.3,33.45,57.5,71.36,60.875,70.33333333333333,29.7875,544.0,20.197619047619046,55.790909090909096,384.0,250.5,33.364285714285714,11.505172413793106,161.0,37.22222222222222,85.75,43.1,130.5,97.0,288.92857142857144,62.5,226.5,43.4,11.015714285714287,98.3,279.375,346.0,16.863333333333333,16.044444444444444,55.3,48.0,9.271785714285713,20.05,13.316666666666665,24.0,12.25,11.25,19.2,15.9,210.0,2920.0,103.0,11.347222222222221,70.52916666666665,87.0,14.199999999999998,76.5,49.66071428571429
74.8,9.11,30.1,31.1,14.35,274.0,26.850000000000005,53.5,106.5,180.5,7.72,70.4,24.616666666666664,28.875,42.8,108.5,42.05,13.15,18.3,36.75454545454546,183.5,439.5,29.85,20.8,47.65,32.25,24.2,24.1,391.5,23.142857142857146,19.3,51.8,7.75,36.316666666666656,10.7,13.65,17.150000000000002,60.7,39.07142857142857,31.45,29.25,64.1,81.13684210526317,47.85,54.1,29.572727272727274,22.1,98.4,62.46,14.4,60.9,14.95,34.9,10.358333333333333,11.6,22.55,19.4,224.5,190.5,24.2,9.46,26.3,8.534444444444443,10.096153846153848,13.679999999999998,19.0,8.243,18.67619047619048,58.5,117.5,13.91,49.81,68.09615384615384,18.5625,93.2,34.016666666666666,95.4,150.5,36.8,55.2,8.83,104.5,59.425,71.92500000000003,425.5,35.55,213.75,15.95,200.625,186.5,92.45,256.0,41.325,86.6,37.45,35.34285714285714,33.45,57.469230769230776,71.34166666666667,60.82499999999999,70.3,29.81666666666667,545.0,20.196875,55.7375,383.5,250.5,33.35,11.502380952380953,160.5,37.2,85.85208333333333,43.089285714285715,130.875,97.0,289.0,62.5,226.5,43.4,11.038095238095238,98.34615384615385,279.14285714285717,346.0,16.9,16.0,55.284,47.99,9.278148148148148,20.043548387096774,13.318181818181818,24.018421052631577,12.220833333333333,11.25,19.18214285714285,15.902127659574466,209.75,2920.0,103.18571428571428,11.35,70.55555555555556,87.1,14.15,76.5,49.7
74.9,9.1115,30.100000000000005,31.1,14.35,274.0,26.85,53.5,106.5,180.5,7.7200000000000015,70.5,24.65,28.875,42.8,108.5,42.05,13.15,18.25,36.75,183.5,440.0,29.85,20.8,47.65,32.25,24.19,24.1,391.875,23.15,19.3,51.8,7.751,36.35,10.7,13.65,17.126543209876544,60.83333333333334,39.09285714285714,31.45,29.25,64.01904761904763,81.1,47.89285714285714,53.98571428571428,29.55,22.1,98.40000000000002,62.5,14.45,60.925,15.0,34.891666666666666,10.358333333333333,11.6,22.55,19.4,224.0,190.5,24.163,9.46,26.26176470588236,8.54,10.05,13.68888888888889,19.05,8.24842105263158,18.696031746031746,58.60000000000001,118.0,13.9,49.66666666666666,68.00588235294117,18.58968253968255,93.15,34.037499999999994,95.3941176470588,150.0,36.9,55.3,8.83,104.5,59.48333333333334,71.9,426.5,35.55,213.75,16.0,200.75,186.75,92.6,256.3333333333333,41.35,86.55714285714285,37.45,35.45,33.45,57.48333333333333,71.37142857142858,60.8,70.3,29.85,544.8571428571429,20.2,55.75,382.875,250.5,33.35,11.53358208955224,160.85714285714286,37.22142857142858,85.9,43.11684782608695,130.625,97.0,289.0,62.522222222222226,226.5,43.4,11.00625,98.32857142857141,279.0,346.0,16.9,16.019444444444446,55.334375,47.99,9.279253731343283,20.04732142857143,13.329411764705885,24.003846153846155,12.25,11.25,19.191935483870967,15.949367088607595,210.0,2920.0,103.5,11.348333333333334,70.57966101694916,87.01304347826088,14.197368421052632,76.5,49.69166666666666
74.8,9.114444444444443,30.1,31.1,14.390384615384615,274.0,26.85,53.5,106.5,180.5,7.7200000000000015,70.4,24.649999999999995,28.9,42.76000000000001,108.5,42.09375,13.15,18.3,36.75454545454546,183.5,439.5,29.85,20.8,47.65,32.21666666666667,24.2,24.100000000000005,392.0,23.10789473684211,19.3,51.9,7.753030303030304,36.3,10.7,13.65,17.09934210526316,60.7,39.0125,31.45,29.214285714285715,64.1,81.13684210526317,47.89,54.0,29.56875,22.1,98.4,62.46,14.4,61.0,15.0,34.9,10.388888888888891,11.6,22.59193548387097,19.4,224.5,190.0,24.2,9.46,26.28333333333333,8.536666666666667,10.096153846153848,13.679999999999998,19.05,8.248947368421053,18.69782608695652,58.68571428571429,118.0,13.95,49.725,68.03636363636363,18.5625,93.11428571428571,34.0,95.3,150.0,36.9,55.3,8.83,104.5,59.5,71.92500000000003,425.5,35.49166666666667,213.75,15.95,200.84375,186.5,92.45,256.25,41.35,86.5,37.44375000000001,35.3125,33.5,57.471428571428575,71.28,60.81428571428571,70.33333333333334,29.807500000000005,545.0,20.2,55.75555555555556,382.75,250.5,33.35,11.518518518518519,160.625,37.2,85.8968253968254,43.08920454545455,130.875,97.075,289.0,62.55999999999999,226.5,43.4,11.0375,98.33684210526314,279.3181818181818,346.0,16.9,16.05,55.33939393939395,47.996323529411775,9.280384615384618,20.05,13.35,24.0,12.25,11.263095238095238,19.228571428571428,15.949122807017545,209.75,2920.0,103.25,11.35,70.6,87.01666666666668,14.15555555555556,76.5,49.7
74.9,9.10009900990099,30.1,31.15,14.4,274.0,26.85,53.5,106.5,180.5,7.72,70.5,24.65,28.875,42.81249999999999,108.5,42.1,13.15,18.25,36.75,183.5,440.0,29.85,20.8,47.65,32.25,24.15,24.1,391.5,23.13333333333333,19.3,51.79999999999999,7.753225806451613,36.35,10.699999999999998,13.688461538461535,17.1,60.83333333333334,39.08181818181818,31.43333333333333,29.25,64.0608695652174,81.2,47.895,53.957142857142856,29.55,22.099528301886803,98.4,62.5,14.45,60.95454545454545,14.95,34.95,10.35,11.599999999999998,22.5625,19.4,224.0,190.5,24.163,9.4625,26.270588235294124,8.54,10.05,13.675,19.1,8.249500000000001,18.7,58.6,118.0,13.9,49.6625,68.01111111111112,18.570833333333336,93.1,34.0,95.4,150.0,36.872727272727275,55.3,8.83,104.5,59.44,71.9,426.5,35.45,213.75,16.0,201.0,186.75,92.6,256.3333333333333,41.4,86.5,37.4,35.45,33.46875,57.48,71.37142857142858,60.9,70.3,29.830769230769228,545.0,20.198214285714286,55.79999999999999,382.0,250.5,33.35,11.5,161.0,37.225,85.87857142857142,43.08066666666666,130.72115384615384,97.0,289.0,62.57000000000001,226.5,43.4,11.04909090909091,98.38947368421051,279.25,346.33333333333326,16.9,16.048571428571428,55.339130434782604,47.99916666666666,9.280476190476193,20.05,13.3,24.0,12.25,11.300000000000002,19.217391304347824,15.949999999999998,210.0,2920.0,103.5,11.348591549295776,70.61052631578946,87.0,14.2,76.5,49.7
74.85,9.101,30.1,31.1,14.4,274.0,26.85,53.5,106.5,180.5,7.72,70.5,24.649999999999995,28.85,42.85,108.5,42.1,13.15,18.35,36.75454545454546,183.0,439.5,29.85,20.8,47.65,32.25,24.2,24.05,392.0,23.11477272727273,19.28958333333333,51.77499999999999,7.7538636363636355,36.3,10.7,13.690909090909093,17.1,60.7,39.1,31.444444444444446,29.25,64.04642857142856,81.30952380952381,47.9,53.99090909090909,29.55333333333333,22.05333333333333,98.2,62.40344827586206,14.4,60.9,14.95,34.9,10.3875,11.598,22.55,19.35,224.5,190.25,24.15,9.46,26.29615384615385,8.536666666666667,10.1,13.687499999999998,19.05,8.25,18.67111111111111,58.5,118.0,13.95,49.65,68.05,18.595192307692308,93.1,34.025,95.3,150.0,36.85,55.3,8.83,104.5,59.394871794871776,72.0,425.5,35.5,213.75,16.0,200.96,186.5,92.45,256.25,41.4,86.5,37.4,35.37916666666667,33.45,57.4236559139785,71.27142857142857,60.79999999999999,70.34285714285714,29.837142857142855,545.0,20.2,55.78333333333333,382.0,251.0,33.35,11.53684210526316,160.72222222222226,37.20769230769231,85.89655172413795,43.11208333333334,130.94230769230768,97.1,289.25,62.55,226.5,43.4,11.0,98.35625,279.2142857142857,346.5,16.9,16.05,55.30930232558139,48.0,9.280303030303033,20.05,13.35,24.027777777777782,12.25,11.278125,19.2037037037037,15.95,209.75,2920.0,103.15,11.35,70.6047619047619,87.1,14.175,76.5,49.70000000000001
74.9,9.101666666666668,30.1,31.116666666666664,14.4,274.0,26.808333333333334,53.5,106.5,180.5,7.72,70.5,24.65,28.875,42.85,108.5,42.083333333333336,13.15,18.3,36.75,183.5,440.0,29.85833333333333,20.8,47.65,32.25,24.2,24.100000000000005,391.5,23.15,19.3,51.825,7.743571428571429,36.35,10.702336448598132,13.685714285714285,17.06153846153846,60.83333333333334,39.072222222222216,31.45,29.25,64.06153846153846,81.45454545454545,47.9,54.0,29.53,22.075000000000006,98.0,62.4,14.4,60.993877551020404,14.95,34.895,10.35,11.6,22.5875,19.4,224.0,190.5,24.163,9.47,26.3,8.54,10.05,13.699999999999998,19.05,8.25,18.68,58.6,118.0,13.95,49.7,68.1,18.58225806451613,93.1,34.01666666666667,95.3,150.0,36.9,55.4,8.83,104.5,59.45384615384615,72.0,426.5,35.5,214.9230769230769,16.0,200.9333333333333,186.75,92.6,257.0,41.4,86.5,37.4388888888889,35.45,33.464285714285715,57.475,71.37142857142858,60.8,70.3,29.85,545.2857142857143,20.1984375,55.8,382.0,250.5,33.35,11.5,160.92857142857142,37.20490196078431,85.89545454545456,43.119736842105254,130.5625,97.09999999999998,289.0,62.60000000000001,226.5,43.4,11.05,98.31666666666666,279.0,346.5,16.9,16.04642857142857,55.30869565217391,48.0,9.28,20.05,13.34,24.0,12.25,11.300000000000002,19.217592592592588,15.947887323943661,210.0,2920.0,103.5,11.349999999999998,70.62,87.0,14.2,76.5,49.7
74.9,9.105348837209302,30.1,31.0,14.4,274.0,26.85,53.5,107.0,180.5,7.72,70.5,24.65,28.85,42.85,108.5,42.1,13.15,18.35,36.75454545454546,183.5,439.5,29.85,20.8,47.65,32.25,24.2,24.05,392.0,23.145714285714288,19.2875,51.9,7.75126582278481,36.30714285714286,10.700862068965517,13.675,17.065,60.7,39.05,31.5,29.29705882352941,64.05714285714285,81.65,47.9,54.04444444444446,29.545,22.05,98.0,62.39999999999999,14.45,60.92857142857143,15.0,34.9,10.37,11.6,22.55,19.375,224.5,190.0,24.15,9.46,26.267857142857146,8.536666666666667,10.1,13.66875,19.05,8.261732283464568,18.66904761904762,58.5375,118.0,13.95,49.675,68.05,18.550000000000004,93.025,34.025,95.4,150.0,36.85,55.36666666666667,8.842,104.17857142857143,59.44,72.0,425.5,35.392857142857146,214.2352941176471,16.0,200.547619047619,186.5,92.45,256.25,41.375,86.4,37.425,35.35,33.5,57.457142857142856,71.19230769230771,60.81249999999999,70.3,29.85,546.0,20.17156862745098,55.8,382.0,251.0,33.3,11.535714285714285,160.75,37.18888888888888,85.85728155339805,43.10694444444446,130.9857142857143,97.05,289.5,62.52857142857143,226.5,43.45,11.0,98.3,279.4166666666667,346.33333333333326,16.9,16.05,55.3875,48.0,9.28,20.05,13.35,24.02692307692308,12.225,11.268750000000002,19.2,15.95,210.0,2920.0,103.33333333333331,11.342647058823529,70.6,87.06666666666666,14.191666666666668,76.5,49.71875
74.8,9.101666666666668,30.1,31.116666666666664,14.400000000000002,274.125,26.808333333333334,53.5,107.0,180.5,7.71,70.5,24.6375,28.875,42.85,108.5,42.15,13.15,18.25,36.75,183.5,440.0,29.9,20.853968253968254,47.65,32.25,24.2,24.100000000000005,392.0,23.14864864864865,19.29615384615385,51.9,7.75,36.35,10.702336448598132,13.68125,17.13584905660377,60.83333333333334,39.03636363636363,31.4875,29.29545454545455,64.01818181818182,81.7,47.95,54.0,29.55,22.05,98.05,62.4,14.4,60.92,14.949999999999998,34.895,10.385714285714286,11.606666666666666,22.6,19.35,224.0,190.5,24.163,9.47,26.28333333333333,8.54,10.05,13.697619047619044,19.05,8.269954337899543,18.6,58.56896551724138,118.0,13.95,49.65,68.03999999999999,18.59179104477612,93.0,34.016666666666666,95.4,150.0,36.90000000000001,55.3,8.83,104.05555555555556,59.477777777777774,71.9,426.5,35.3875,214.9230769230769,16.0,200.5,186.5,92.53333333333336,256.75,41.4,86.5,37.43,35.35,33.45,57.4,71.37142857142858,60.85,70.3,29.85,545.9166666666666,20.194444444444443,55.79999999999999,382.0,250.5,33.322222222222216,11.526190476190473,161.0,37.17857142857143,85.80666666666666,43.092063492063495,130.825,97.0,289.0,62.6,226.5,43.4,11.046875,98.35625,279.4,346.58333333333326,16.9,16.05,55.323076923076925,47.98928571428571,9.278611111111113,20.05,13.34621212121212,24.035714285714285,12.246666666666664,11.300000000000002,19.2,15.949999999999998,210.0,2920.0,103.0625,11.35,70.6111111111111,87.0157894736842,14.2,76.5,49.7
74.9,9.1,30.100000000000005,31.0,14.4,274.1666666666667,26.84166666666667,53.5,106.5,180.5,7.72,70.5,24.65,28.85,42.85,108.5,42.1,13.15,18.35,36.75454545454546,183.5,439.5,29.9,20.85,47.65,32.25,24.2,24.075000000000006,391.875,23.15,19.3,51.9,7.75,36.25,10.75,13.686842105263155,17.132142857142856,60.7,39.0,31.5,29.3,64.0,81.65,47.95,54.0,29.57941176470589,22.05,98.1,62.4,14.4,61.0,14.9875,34.9,10.35,11.6,22.55,19.4,224.5,190.0,24.15,9.47,26.274193548387093,8.54,10.1,13.687499999999998,19.05,8.27,18.643181818181816,58.6,117.52857142857141,13.95,49.6,68.1,18.6,93.0,34.016666666666666,95.4,151.0,36.75,55.4,8.84,104.2,59.48,71.89999999999998,425.5,35.35,214.2352941176471,15.975,200.0,186.5,92.4,256.25,41.4,86.5,37.45,35.35,33.45,57.45,71.11666666666666,60.81249999999999,70.3,29.88181818181818,546.0,20.18846153846154,55.74000000000001,382.0,251.0,33.325,11.504545454545456,160.6875,37.15909090909091,85.8,43.082692307692305,130.96969696969697,97.06666666666666,289.5,62.575,226.5,43.415625,11.007142857142858,98.35555555555555,279.25,346.5,16.927857142857142,16.05,55.4,47.99074074074074,9.278709677419354,20.050000000000004,13.35,24.0,12.25,11.288636363636366,19.196629213483146,15.945000000000002,210.0,2920.0,103.5,11.369480519480517,70.57272727272726,87.09999999999998,14.191666666666668,76.5,49.7
74.85,9.107999999999999,30.1,31.0,14.4,274.125,26.817500000000006,53.5,106.5,180.5,7.718181818181819,70.46666666666667,24.6375,28.9,42.85000000000001,108.5,42.15,13.15,18.25,36.75,183.5,440.0,29.9,20.85,47.65,32.25,24.2,24.1,392.0,23.125,19.258333333333333,51.9,7.758333333333334,36.35,10.7,13.68125,17.15,61.0,39.025,31.45,29.252,64.0,81.72500000000002,47.92142857142858,53.98,29.50602409638554,22.075,98.09999999999998,62.411764705882355,14.4,60.93333333333333,14.95,34.95,10.35,11.6,22.6,19.35,224.0,190.5,24.163,9.47,26.25092592592593,8.54,10.05,13.687499999999998,19.05,8.280000000000001,18.625,58.7,118.0,13.905555555555555,49.6,68.1,18.59927536231884,93.06923076923077,34.0,95.4,150.0,36.83181818181818,55.3,8.83,104.0,59.558823529411775,71.9076923076923,426.5,35.35,214.9230769230769,16.0,200.07142857142856,186.5,92.4,256.5,41.3625,86.45,37.45,35.36304347826086,33.46875,57.475,71.25,60.8,70.3,29.85,546.0,20.2,55.78,382.0,250.5,33.35,11.529629629629632,161.0,37.2,85.84767441860464,43.088709677419345,130.83333333333334,97.04,289.5,62.56666666666666,226.2,43.4,11.05,98.30909090909093,279.1666666666667,346.525,16.95,16.05,55.37499999999999,48.0,9.28516129032258,20.05,13.301234567901234,24.0,12.25,11.300000000000002,19.197752808988767,15.916666666666664,210.0,2920.0,103.0625,11.371739130434785,70.61,87.05999999999997,14.1625,76.5,49.7
74.9,9.10625,30.125,31.05,14.4,274.5,26.85,53.5,106.75,180.5,7.72,70.4,24.65,28.85,42.85,108.5,42.14558823529412,13.15,18.35,36.75454545454546,183.5,439.5,29.899999999999995,20.85,47.65,32.25,24.2,24.1,392.0,23.135294117647057,19.27051282051282,51.9,7.7598360655737695,36.25,10.7,13.69990118577075,17.1,60.7,39.0,31.48333333333333,29.25,63.93600000000001,81.8,47.9,53.96666666666667,29.5,22.059090909090916,98.2,62.42307692307693,14.45,60.912,14.95,34.95,10.383333333333333,11.6,22.55,19.4,224.5,191.0,24.15,9.470833333333333,26.25769230769231,8.54,10.1,13.671428571428569,19.05,8.28,18.65,58.7,118.0,13.95,49.7,68.06666666666666,18.6,93.0375,34.05,95.42,150.5,36.75,55.4,8.84,104.07142857142857,59.50909090909091,71.89999999999998,425.5,35.35,214.2352941176471,15.975,200.0,186.5,92.4,256.25,41.4,86.5,37.45,35.35,33.5,57.45,71.2090909090909,60.81428571428571,70.3,29.88333333333333,546.375,20.197058823529414,55.725,382.5,250.5,33.364285714285714,11.508333333333333,160.66666666666666,37.1888888888889,85.73246753246755,43.1,130.95454545454547,97.075,289.0833333333333,62.585714285714296,226.5,43.415625,11.046,98.3,279.4166666666667,346.41666666666674,16.95,16.1,55.35625,48.0,9.28,20.05,13.341176470588234,24.035714285714285,12.25,11.256666666666668,19.2,15.95,209.5,2920.0,103.5,11.371153846153845,70.63333333333333,87.0,14.197169811320755,76.5,49.65
74.8,9.11,30.125,31.05,14.4,274.5,26.85,53.5,106.5,180.5,7.713888888888889,70.6,24.6375,28.9,42.8,108.5,42.2,13.15,18.25,36.75,183.0,440.0,29.9,20.85,47.6,32.3,24.2,24.1,392.0,23.111363636363635,19.28484848484849,51.85,7.76128205128205,36.25,10.7,13.724714285714285,17.133333333333333,61.0,39.08000000000001,31.425,29.3,63.922222222222224,81.69999999999997,47.91666666666666,54.01296296296296,29.5,22.075000000000006,98.2,62.41666666666666,14.45,60.9,14.95,34.95,10.353333333333332,11.575,22.65,19.4,224.0,190.5,24.15,9.471333333333336,26.3,8.54,10.05,13.666666666666664,19.05,8.28,18.6,58.65000000000001,117.54545454545456,13.933333333333335,49.7,68.1,18.583333333333336,93.0,34.03333333333333,95.4,150.0,36.8590909090909,55.3,8.83,104.47368421052632,59.492592592592594,71.9,426.5,35.35,214.9230769230769,16.0,200.08333333333331,186.5,92.4,257.0,41.4,86.5,37.44000000000001,35.36304347826086,33.46875,57.46666666666667,71.25,60.8,70.3,29.8875,547.5,20.195312500000004,55.8,382.0,250.5,33.37916666666666,11.544565217391305,161.0,37.21250000000001,85.77857142857144,43.044083969465646,130.73076923076923,97.1,289.1666666666667,62.575,226.2,43.4,11.047222222222226,98.33333333333331,279.5,346.25,16.95,16.049999999999994,55.382,48.0,9.281578947368422,20.05,13.35,24.0,12.25,11.300000000000002,19.2,15.949999999999998,210.0,2920.0,103.5,11.356470588235293,70.63076923076923,87.1,14.19977973568282,76.46666666666667,49.6
74.8,9.099999999999998,30.1,31.05,14.35,274.5,26.85,53.5,106.75,180.5,7.72,70.4,24.6,28.85,42.85,108.5,42.19285714285714,13.15,18.35,36.75454545454546,183.5,439.16666666666674,29.9,20.85,47.65,32.25,24.19,24.1,392.0,23.12131147540984,19.279411764705888,51.85,7.77,36.3,10.7,13.796052631578947,17.147619047619045,60.7,39.1,31.4,29.25,63.905,81.72500000000002,47.9,54.06111111111111,29.45,22.075000000000006,98.1,62.41470588235296,14.4,61.0,14.95,34.95,10.35,11.594444444444445,22.65,19.35,224.5,190.0,24.15,9.47125,26.26,8.54,10.1,13.683333333333332,19.05,8.29,18.64761904761905,58.7,118.0,13.941666666666668,49.7,68.11666666666666,18.596,93.1,34.05,95.4,150.5,36.9,55.4,8.84,104.0,59.5,71.9,425.5,35.35,214.0,16.0,200.0,187.0,92.4,256.25,41.35,86.5,37.45,35.31199999999999,33.458333333333336,57.5,71.21428571428571,60.8,70.3,29.88125,546.75,20.2,55.7875,381.0,250.5,33.4,11.50625,160.94117647058823,37.23055555555556,85.75555555555556,43.046527777777776,130.5,97.06,289.5,62.6,226.5,43.4,11.046,98.3,279.375,346.5,16.95,16.0,55.37916666666666,48.044,9.280573248407643,20.05,13.300000000000002,24.02692307692308,12.25,11.296875,19.2,15.94612403100775,210.0,2920.0,103.07142857142857,11.395833333333336,70.52666666666667,87.07499999999997,14.201214574898785,76.5,49.65
74.8,9.11,30.1125,31.0,14.35,274.5,26.85,53.5,106.5,180.5,7.7200000000000015,70.6,24.6375,28.9,42.8,108.5,42.2,13.15,18.25,36.75,183.5,439.33333333333326,29.9,20.85,47.7,32.25833333333333,24.2,24.1,392.0,23.151075268817205,19.3,51.9,7.76987012987013,36.25,10.700675675675674,13.773529411764706,17.13181818181818,61.0,39.10000000000001,31.4,29.25,63.79999999999999,81.69999999999997,47.91666666666666,54.05454545454546,29.45,22.07272727272728,98.0,62.34545454545454,14.45,60.98125,15.0,35.0,10.4,11.6,22.640000000000004,19.35,224.0,190.5,24.15,9.471333333333336,26.263768115942028,8.54,10.05,13.699999999999998,19.05,8.292272727272726,18.6,58.675,118.0,13.9,49.7,68.1,18.585714285714285,93.0,34.059183673469384,95.4,150.07142857142858,36.9,55.4,8.85,104.05555555555556,59.55714285714286,71.9,426.5,35.35,214.0,16.0,199.5,187.0,92.4,257.0,41.4,86.5125,37.45,35.45,33.46875,57.48095238095237,71.4,60.9,70.3,29.85,547.5454545454545,20.2,55.771428571428565,382.0,250.5,33.4,11.536842105263155,161.0,37.2375,85.75,43.021052631578954,130.98333333333332,97.04,289.0625,62.7,226.0,43.4,11.05,98.38,279.4166666666667,346.375,16.95,16.1,55.365,48.043243243243246,9.27095238095238,20.05,13.324418604651164,24.0,12.25,11.296153846153848,19.2,15.950000000000005,210.0,2920.0,103.5,11.35,70.64999999999998,87.1,14.23653846153846,76.5,49.6
74.8,9.1,30.1,31.0,14.383333333333333,274.5,26.8,53.5,106.5,180.5,7.71,70.4,24.6,28.850000000000005,42.8,108.5,42.15,13.1,18.35,36.75454545454546,183.5,439.16666666666674,29.9,20.85,47.65000000000001,32.25,24.19,24.1,392.0,23.2,19.29,51.9,7.781978947368421,36.3,10.687804878048778,13.757236842105264,17.15,61.0,39.15000000000001,31.4,29.3,63.706976744186036,81.61666666666666,47.925,54.12000000000001,29.492857142857147,22.0875,98.0,62.31666666666666,14.45,61.0,14.95,35.0,10.3625,11.6375,22.643478260869564,19.35,224.0,190.0,24.15,9.47,26.29166666666667,8.54,10.1,13.687499999999998,19.05,8.29896551724138,18.606578947368423,58.6,118.0,13.947222222222226,49.65000000000001,68.125,18.59701492537313,93.1,34.03333333333333,95.4,150.0,36.9,55.4,8.84,104.0,59.5,71.85,425.5,35.4,214.0,16.0,199.5,187.0,92.4,256.25,41.4,86.5357142857143,37.45,35.3,33.4875,57.4,71.2,60.79999999999999,70.3,29.87,547.0,20.23448275862069,55.79999999999999,381.0,250.5,33.40833333333333,11.52727272727273,160.9,37.225,85.79411764705881,43.08853211009174,130.7380952380952,97.0,288.96774193548384,62.64375,226.0,43.4,11.045454545454543,98.34705882352941,279.3333333333333,346.5,16.9476,16.05,55.39999999999999,48.05,9.278039215686274,20.05,13.301587301587302,24.030769230769234,12.25,11.3,19.17,15.944387755102044,210.0,2915.0,103.16666666666669,11.4,70.63333333333334,87.06666666666666,14.225,76.5,49.65
74.82857142857142,9.1,30.1,31.0,14.35,274.5,26.81875,53.5,106.5,180.5,7.72,70.6,24.6375,28.9,42.85,108.5,42.2,13.1,18.25,36.75,183.5,439.33333333333326,29.9,20.85,47.7,32.2,24.2,24.1,392.0,23.15546875,19.3,51.84,7.808536585365852,36.25,10.698275862068963,13.775,17.147916666666664,61.01000000000001,39.15,31.4,29.25,63.71666666666667,81.7,47.91666666666666,54.136842105263156,29.45,22.0625,98.0,62.30357142857143,14.45,60.95789473684211,14.991666666666667,35.0,10.38,11.65,22.66,19.35,224.0,190.5,24.15,9.47,26.26538461538461,8.535833333333334,10.1,13.65,19.05,8.290480769230767,18.62205882352941,58.69583333333333,117.75,13.95,49.6,68.11818181818181,18.577272727272728,93.2,34.059259259259264,95.4,150.0,36.89999999999999,55.45,8.85,104.0,59.5,71.89090909090909,426.5,35.3375,214.0,15.95,199.9333333333333,187.0,92.4,256.75,41.4,86.56666666666666,37.43571428571429,35.45,33.45,57.45,71.4,60.8,70.34,29.88125,547.0,20.24375,55.78,382.0,250.5,33.4,11.534722222222221,161.0,37.207142857142856,85.79310344827586,43.1,130.78703703703704,97.02352941176471,289.0625,62.66470588235296,226.0,43.4,11.01896551724138,98.33,279.1,346.5,16.932758620689654,16.05,55.39999999999999,48.04909090909091,9.270784313725489,20.05,13.35,24.0,12.235294117647056,11.253333333333336,19.195238095238093,15.95,209.8,2915.0,103.5,11.375,70.63846153846154,87.01428571428572,14.225,76.5,49.65
74.9,9.1,30.100000000000005,31.0,14.383333333333333,274.5,26.8,53.5,106.78571428571428,181.0,7.72,70.4,24.65,28.85,42.85,108.96875,42.2,13.15,18.35,36.75454545454546,183.5,440.0,29.9,20.85,47.65000000000001,32.25,24.2,24.1,392.5,23.15,19.3,51.86666666666667,7.801705882352941,36.25,10.7,13.8,17.150000000000002,61.0,39.1,31.360000000000007,29.25,63.645,81.61666666666666,47.9,54.04864864864865,29.45,22.05,98.2,62.3,14.45,60.9125,14.949999999999998,35.0,10.35,11.6375,22.6625,19.35,224.0,190.0,24.2,9.48,26.28333333333333,8.5375,10.1,13.65,19.05,8.288230769230767,18.55,58.77647058823529,118.0,13.998333333333333,49.6,68.1,18.572222222222226,93.2,34.01521739130435,95.3,150.5,36.8,55.4,8.85,104.0,59.5,71.86,426.0,35.4,214.0,16.0,199.5,187.0,92.5,256.5,41.375,86.5357142857143,37.4,35.3,33.457142857142856,57.4875,71.13636363636364,60.81428571428571,70.3,29.9,547.0,20.25,55.8,380.0,250.0,33.4,11.513888888888891,160.91666666666666,37.2047619047619,85.7875,43.1,130.6578947368421,97.0,288.96774193548384,62.65000000000001,226.0,43.4,11.05,98.33,279.0,346.5,16.962573099415206,16.05,55.395999999999994,48.00588235294117,9.276451612903225,20.05,13.336666666666668,24.0,12.25,11.275,19.1984375,15.95,210.0,2915.0,103.5,11.366935483870966,70.60833333333333,87.0,14.214999999999998,76.5,49.63333333333333
74.9,9.1,30.1,31.0,14.35,274.5,26.85,53.5,107.0,181.0,7.72,70.5,24.642857142857146,28.9,42.85,109.0,42.2,13.15,18.25,36.8,183.5,439.33333333333326,29.899999999999995,20.883333333333333,47.7,32.2,24.2,24.05,392.5,23.15,19.27972972972973,51.86666666666667,7.807115384615384,36.3,10.7,13.8,17.13181818181818,61.01000000000001,39.04,31.4,29.25,63.711111111111116,81.5,47.93676470588235,54.2,29.45,22.1,98.33333333333331,62.38235294117647,14.45,60.93571428571428,15.0,35.0,10.37142857142857,11.65,22.7,19.3,224.0,190.5,24.15,9.47,26.26,8.54,10.058333333333332,13.65,19.05,8.272321428571429,18.55,58.76666666666666,118.0,14.015662650602412,49.75,68.20344827586206,18.57578947368421,93.2,34.05,95.4,150.0,36.85,55.5,8.85,104.0,59.48260869565217,71.9,426.5,35.4,214.25,15.95,200.1,187.0,92.4,256.75,41.4,86.5,37.47,35.255,33.458333333333336,57.5,71.2,60.9,70.23333333333333,29.88181818181818,546.75,20.25,55.78333333333333,382.0,250.5,33.4,11.55,160.98,37.22241379310345,85.79565217391306,43.10000000000001,130.98214285714286,97.09999999999998,289.0625,62.7,226.0,43.4,11.046478873239437,98.36428571428571,279.2,347.0,16.964497041420117,16.008333333333333,55.39999999999999,48.0,9.272463768115939,20.05,13.3,24.0,12.229032258064516,11.3,19.201351351351352,15.977358490566035,210.0,2910.0,103.5149253731343,11.36875,70.60000000000002,87.09999999999998,14.21,76.5,49.65
74.83333333333333,9.1,30.1,31.0,14.35,274.61764705882354,26.8,53.5,107.0,181.0,7.72,70.5,24.75,28.85,42.8,108.96875,42.15555555555553,13.133333333333333,18.35,36.75454545454546,183.5,440.0,29.899999999999995,20.9,47.65000000000001,32.25,24.25,24.05,392.5,23.139285714285712,19.294444444444448,51.9,7.800068965517242,36.25,10.7,13.792424242424245,17.145,61.1,39.1,31.35,29.25,63.77,81.61666666666666,48.0125,54.19583333333335,29.45,22.1,98.3,62.36000000000001,14.45,60.90000000000001,14.949999999999998,35.0,10.35,11.6375,22.68333333333333,19.33,224.0,190.0,24.15,9.47,26.25,8.531666666666666,10.1,13.65,19.05,8.26818181818182,18.5,58.79999999999999,117.65,14.1,49.7,68.21666666666667,18.595454545454547,93.205,34.050000000000004,95.4,150.5,36.8,55.46666666666667,8.84,104.0,59.5,71.84615384615384,426.0,35.333333333333336,213.5,16.0,199.5,187.0,92.5,256.5,41.4,86.5,37.48333333333333,35.26818181818181,33.45,57.475,71.1,60.79999999999999,70.2,29.9,547.0,20.25,55.8,380.0,250.5,33.4,11.522222222222226,161.0,37.21527777777778,85.70000000000002,43.1,130.90816326530614,97.1,288.5,62.66,226.0,43.4,11.043478260869565,98.3872340425532,279.425,347.0,16.988235294117647,16.05,55.32093023255813,48.0,9.271132075471696,20.024242424242424,13.331818181818182,24.0,12.241666666666667,11.27,19.232857142857142,15.957633587786257,210.0,2915.0,103.6875,11.352272727272727,70.6,87.09999999999998,14.234615384615385,76.5,49.60666666666667
74.9,9.1,30.100000000000005,31.0,14.35,274.75,26.864285714285717,53.5,107.0,180.5,7.72,70.5,24.642857142857146,28.85,42.85,109.0,42.15,13.15,18.25,36.8,183.5,439.33333333333326,29.899999999999995,20.90833333333333,47.7,32.2,24.2,24.100000000000005,392.25,23.15,19.3,51.83333333333334,7.801863354037267,36.3,10.7,13.784375,17.15,61.1,39.10833333333333,31.35,29.25,63.731578947368405,81.5,47.9,54.25833333333333,29.47,22.100000000000005,98.3,62.35,14.45,60.95,14.953030303030305,35.0,10.35,11.603571428571426,22.64473684210526,19.34583333333333,224.0,190.0,24.21465517241379,9.479826086956523,26.27666666666667,8.534666666666665,10.1,13.65,19.05,8.271034482758619,18.486842105263158,58.968656716417904,118.0,14.131632653061226,49.7,68.22,18.589830508474574,93.0823529411765,34.0,95.40000000000002,150.5,36.84,55.5,8.85,104.0,59.5,71.9,426.5,35.4,214.5,15.99642857142857,200.5,187.0,92.4,256.75,41.38,86.45,37.48333333333333,35.25,33.41428571428572,57.5,71.05,60.9,70.25,29.875,546.8,20.21714285714285,55.8,380.0,250.5,33.4,11.523134328358207,161.0,37.225,85.77634408602152,43.08684210526316,130.77173913043478,97.09999999999998,289.0625,62.771428571428565,226.0,43.4,11.049530516431926,98.45789473684209,279.5,347.0,16.95,16.096621621621622,55.38125,48.0,9.275925925925923,20.05,13.322727272727274,24.0,12.24642857142857,11.300000000000002,19.206410256410255,15.95,210.0,2915.0,103.5,11.375,70.6,87.09999999999998,14.204166666666666,76.5,49.65
74.9,9.1,30.107142857142854,31.0,14.35,274.61764705882354,26.85,53.5,106.75,181.0,7.72,70.5,24.75,28.85,42.8,108.96875,42.1,13.15,18.35,36.75454545454546,183.5,440.0,29.899999999999995,20.959259259259262,47.65000000000001,32.25,24.25,24.1,392.33333333333326,23.114285714285717,19.300000000000004,51.79999999999999,7.805503875968992,36.275,10.696153846153843,13.8,17.139473684210525,61.1,39.14999999999999,31.350000000000005,29.25,63.74399999999999,81.61666666666666,47.9,54.29999999999999,29.48,22.1,98.3,62.37692307692308,14.45,60.99411764705883,15.0,35.0,10.4,11.6,22.68333333333333,19.35,224.0,189.25,24.253125,9.48090909090909,26.29375,8.532,10.1,13.65,19.05,8.28,18.425,59.035,117.75,14.150568181818185,49.7,68.3,18.55,93.025,34.0,95.4,150.5,36.8,55.5,8.84,104.0,59.410810810810815,71.89999999999998,426.0,35.4,214.5,16.0,200.5,186.5,92.5,256.5,41.4,86.49090909090908,37.5,35.25,33.4,57.49230769230769,71.0,60.825,70.2,29.88888888888889,546.2,20.21222222222222,55.78823529411765,379.0,251.0,33.41428571428572,11.523809523809526,161.0,37.205434782608705,85.78125,43.09400000000001,130.76829268292684,97.0903846153846,288.5,62.7,226.08333333333331,43.4,11.04074074074074,98.40714285714287,279.2,347.0,16.981439393939397,16.05,55.323157894736845,48.0,9.276176470588236,20.050000000000004,13.3,24.02727272727273,12.25,11.275,19.21981132075472,15.95,209.7142857142857,2915.0,103.6875,11.369230769230768,70.6111111111111,87.0,14.199180327868852,76.5,49.65
74.9,9.1,30.10833333333333,31.05,14.35,275.0,26.9,53.5,107.0,181.5,7.72,70.5,24.642857142857146,28.85,42.84,109.0,42.15,13.15,18.25,36.8,183.5,439.33333333333326,29.9,21.0,47.7,32.25,24.2,24.100000000000005,392.25,23.15,19.300000000000004,51.83333333333334,7.818666666666666,36.305555555555564,10.7,13.767647058823528,17.1,61.1,39.1125,31.35,29.2375,63.74000000000001,81.5,47.98333333333333,54.35833333333333,29.483870967741932,22.1,98.13333333333333,62.42941176470589,14.45,60.975,14.9625,35.0,10.35,11.595121951219511,22.64473684210526,19.3125,224.0,189.0,24.31515151515152,9.479826086956523,26.3,8.538787878787877,10.1,13.6625,19.05,8.28,18.45,59.14,118.0,14.199999999999998,49.7,68.2,18.57058823529412,93.1,34.03333333333333,95.40000000000002,150.5,36.8,55.5,8.85,104.0,59.4,71.9,426.5,35.34999999999999,213.45454545454547,15.99642857142857,200.5,187.0,92.475,256.75,41.4,86.5,37.45,35.30000000000001,33.41428571428572,57.4,71.1,60.8,70.25,29.899999999999995,546.4,20.22142857142857,55.79999999999999,380.0,250.5,33.4,11.525,161.0,37.20576923076924,85.7625,43.033738601823714,130.7391304347826,97.0,289.0,62.792307692307695,225.5,43.4,11.03913043478261,98.43888888888887,279.4,346.75,16.96923076923077,16.1,55.26363636363637,48.0,9.271851851851851,20.05,13.3,24.032352941176466,12.25,11.280357142857143,19.2,15.949999999999998,210.0,2915.0,104.0,11.385897435897435,70.62307692307692,87.01875,14.2,76.5,49.65
74.8,9.1,30.100000000000005,31.0,14.35,275.0,26.9,53.5,106.83333333333331,181.0,7.7200000000000015,70.5,24.75,28.85,42.9,108.96875,42.1,13.15,18.35,36.75454545454546,183.33333333333331,440.0,29.9,20.957692307692305,47.65000000000001,32.25,24.2,24.1,392.5,23.10833333333333,19.3,51.9,7.82392156862745,36.35,10.7,13.763888888888891,17.134166666666665,61.1,39.15,31.350000000000005,29.25,63.70000000000001,81.4,47.95000000000001,54.37777777777778,29.5,22.080769230769235,97.84,62.42857142857143,14.45,60.9375,15.0,35.0,10.36875,11.6,22.68333333333333,19.317021276595746,224.0,189.0,24.3,9.481935483870972,26.28529411764705,8.54,10.1,13.65,19.05,8.27951219512195,18.45,59.19230769230769,118.0,14.2,49.73333333333333,68.23333333333333,18.596,93.1,34.03888888888889,95.4,150.5,36.8,55.5,8.85,104.0,59.4,71.9,426.0,35.4,214.5,16.0,200.5,186.5,92.5,256.5,41.38333333333333,86.5,37.45,35.25208333333333,33.4,57.49,71.01428571428572,60.83999999999999,70.2,29.9,546.6923076923076,20.22826086956522,55.9,379.0,250.5,33.42,11.525,160.5,37.20416666666667,85.79538461538459,43.00217391304348,130.825,97.05,288.5,62.755555555555546,226.08333333333331,43.4,11.055597014925372,98.48823529411766,279.125,346.83333333333326,16.95189393939394,16.05,55.28636363636362,47.99347826086956,9.272372881355931,20.05,13.348809523809527,24.0,12.25,11.300000000000002,19.1974358974359,15.95,210.0,2915.0,103.9318181818182,11.352352941176472,70.52727272727272,87.07499999999997,14.2,76.5,49.64545454545455
74.9,9.1,30.14113924050633,31.0,14.35,274.8478260869565,26.9,53.5,107.0,181.5,7.7200000000000015,70.5,24.642857142857146,28.85,42.85,109.0,42.1,13.15,18.25,36.8,183.33333333333331,439.33333333333326,29.9,20.95,47.7,32.25,24.2,24.05,392.25,23.15,19.3,51.9,7.817029702970298,36.35,10.7,13.792105263157895,17.09791666666667,61.1,39.14,31.31875,29.2125,63.712903225806464,81.5,47.95,54.33333333333333,29.5,22.088461538461537,97.95,62.4125,14.47,60.906451612903226,15.0,35.0,10.35,11.586458333333333,22.64473684210526,19.3375,224.5,189.0,24.25,9.48,26.267241379310345,8.538461538461537,10.05625,13.6625,19.05625,8.278333333333332,18.475,59.16153846153847,118.0,14.2,49.75,68.26250000000002,18.563636363636363,93.09999999999998,34.035714285714285,95.3,150.5,36.84166666666667,55.45,8.85,104.0,59.36666666666666,71.9,426.5,35.4,213.45454545454547,15.99642857142857,200.5,186.75,92.475,256.5,41.4,86.5,37.458333333333336,35.25,33.40833333333333,57.45,71.0,60.9,70.3,29.887500000000006,545.1481481481482,20.24615384615384,55.88333333333333,380.0,250.5,33.4,11.526623376623375,160.8,37.239285714285714,85.77777777777777,43.04888888888888,130.6037735849057,97.0,289.0,62.85714285714285,225.5,43.4,11.075,98.44375,279.46666666666664,346.875,16.932608695652174,16.05,55.22666666666667,47.965384615384615,9.277321428571428,20.042857142857144,13.323809523809526,24.02333333333333,12.241666666666667,11.282857142857145,19.2,15.933333333333335,210.0,2915.0,104.0,11.397222222222226,70.5,87.03478260869564,14.18030303030303,76.5,49.65
74.9,9.11,30.15,31.0,14.35,274.8,26.9,53.5,106.83333333333331,181.0,7.7200000000000015,70.5,24.75,28.85,42.9,108.96875,42.05,13.15,18.35,36.75454545454546,183.75,440.0,29.9,20.95,47.65000000000001,32.3,24.2,24.1,392.5,23.1125,19.300000000000004,51.9,7.824835164835164,36.316666666666656,10.699999999999998,13.775,17.097727272727276,61.12000000000001,39.15000000000001,31.350000000000005,29.2,63.775,81.4,47.95,54.35625,29.5,22.092,98.0,62.39999999999999,14.45,60.99500000000001,15.0,35.0,10.383333333333333,11.6,22.612500000000004,19.327272727272728,224.0,189.25,24.275,9.483333333333336,26.3,8.536666666666667,10.083333333333334,13.65,19.05,8.278852459016392,18.5,59.2,118.0,14.2,49.75,68.23333333333333,18.592857142857145,93.1,34.05,95.3,150.5,36.8,55.46666666666667,8.85,104.0,59.3,71.9,426.0,35.4,214.5,16.0,200.5,186.5,92.5,256.5,41.35,86.5,37.49166666666667,35.25,33.41875,57.393678160919535,71.05,60.8,70.2,29.894444444444442,543.75,20.2,55.8875,379.0,250.5,33.4,11.5,160.95454545454547,37.20454545454546,85.79,43.034375,130.9,97.09999999999998,288.5,62.86999999999999,226.08333333333331,43.4,11.054076086956522,98.49846153846151,279.0,346.5,16.95,16.0,55.29318181818181,47.98910256410257,9.271071428571428,20.048591549295775,13.306666666666667,24.0,12.2125,11.25,19.19144144144144,15.975666666666665,210.0,2915.0,103.625,11.36,70.5375,87.07499999999997,14.157692307692306,76.5,49.64285714285714
74.88,9.11,30.15,31.025,14.35,274.875,26.9,53.5,106.5,181.0,7.7200000000000015,70.3,24.642857142857146,28.85,42.85,109.0,42.1,13.2,18.25,36.8,183.75,439.33333333333326,29.9,20.95,47.7,32.3,24.2,24.1,392.25,23.12142857142857,19.3,51.86,7.834823529411764,36.35357142857143,10.7,13.775,17.105555555555554,61.1,39.1375,31.325000000000006,29.2125,63.72777777777779,81.4,47.95,54.35454545454545,29.5,22.07,98.0,62.40000000000001,14.47,60.96875,15.0,35.0,10.35625,11.575,22.64473684210526,19.35,224.5,189.0,24.25,9.47409090909091,26.27,8.538599999999999,10.05,13.65,19.05,8.288513513513513,18.46153846153846,59.28,118.0,14.15,49.75,68.28571428571429,18.559615384615384,93.06,34.03888888888889,95.4,150.5,36.9,55.4,8.85,103.91379310344827,59.323809523809516,71.97647058823529,426.5,35.4,213.45454545454547,15.99642857142857,200.75,186.75,92.475,257.0,41.4,86.5,37.45,35.2375,33.4,57.3,71.0,60.85,70.2,29.85227272727273,542.0,20.25,55.9,379.0,250.5,33.4,11.525490196078431,161.0,37.2375,85.76875,43.0554945054945,130.7391304347826,97.09999999999998,289.0,62.86999999999999,225.5,43.35,11.050000000000002,98.47837837837837,279.00396825396825,346.5,16.95,16.0,55.24800000000001,47.961111111111116,9.275285714285713,20.048165137614678,13.305633802816901,24.0,12.235,11.267647058823528,19.179310344827584,15.95877192982456,210.0,2915.0,104.0,11.358695652173912,70.6,87.1,14.1775,76.5,49.65
74.9,9.11,30.2,31.0,14.3,275.0,26.9,53.5,106.83333333333331,180.83333333333331,7.7200000000000015,70.5,24.75,28.85,42.9,108.96875,42.05,13.2,18.35,36.75454545454546,183.5,440.0,29.9,20.95,47.65,32.3,24.2,24.1,392.5,23.15,19.3,51.83333333333334,7.839493670886076,36.316666666666656,10.7,13.76219512195122,17.1,61.1,39.15,31.3,29.2,63.78285714285713,81.4,47.96,54.31739130434782,29.50833333333333,22.1,98.0,62.45263157894738,14.45,61.0,15.0,35.0,10.4,11.554347826086955,22.600000000000005,19.349664429530204,224.0,189.25,24.275,9.478666666666667,26.3,8.54,10.083333333333334,13.666666666666664,19.05,8.29,18.45625,59.375,117.9,14.2,49.78333333333333,68.3,18.55,93.04736842105265,34.029999999999994,95.4,150.5,36.85,55.43333333333334,8.850312500000003,103.75,59.4,72.0,426.0,35.43333333333333,214.5,16.0,200.5,186.5,92.5,256.5,41.4,86.5,37.480769230769226,35.230769230769226,33.40833333333333,57.3,71.04444444444444,60.84166666666666,70.2,29.879166666666666,542.0,20.25,55.975,379.0,250.5,33.4,11.514473684210527,160.83333333333334,37.2,85.79836065573771,43.09508196721312,130.8181818181818,97.06666666666666,288.5,62.81,226.08333333333331,43.32727272727273,11.051481481481485,98.4625,279.0,346.5263157894737,16.95,16.05,55.25,48.0,9.2744,20.05,13.306666666666667,24.04117647058824,12.25,11.297058823529413,19.189473684210526,15.947368421052632,210.0,2915.0,104.0,11.350666666666665,70.7,87.0,14.183333333333332,76.4,49.65
74.88,9.11,30.15,31.0,14.35,275.0,26.9,53.5,106.875,181.0,7.7200000000000015,70.4,24.642857142857146,28.85,42.85,109.0,42.05,13.2,18.275,36.8,184.0,439.33333333333326,29.9,20.99,47.7,32.3,24.2,24.09166666666667,393.0,23.15,19.300000000000004,51.86666666666665,7.829487179487178,36.4,10.7,13.75,17.085714285714285,61.1,39.15,31.3,29.2,63.72777777777779,81.4,47.975,54.292,29.53333333333333,22.1,97.9,62.40571428571429,14.45,60.96799999999999,15.0,35.0,10.4,11.6,22.625,19.344827586206893,224.5,189.0,24.25,9.476111111111113,26.271153846153847,8.538333333333332,10.1,13.691666666666668,19.05,8.29,18.48571428571429,59.4076923076923,118.0,14.199999999999998,49.74,68.22857142857143,18.56455696202532,93.1,34.0563829787234,95.35,150.5,36.885714285714286,55.46666666666667,8.86,104.0,59.37647058823529,71.9,427.33333333333326,35.5,214.0,15.99642857142857,201.0,187.0,92.475,256.5,41.38333333333333,86.5,37.45,35.20434782608696,33.45,57.3,71.0,60.85,70.3,29.87777777777778,542.0,20.211923076923078,55.98,379.0,250.5,33.40714285714286,11.53804347826087,160.8,37.2,85.8,43.067,130.78571428571428,97.085,289.0,62.78888888888889,225.5,43.33750000000001,11.051267828843107,98.47,278.52777777777777,346.3,16.95,16.045,55.3,47.95571428571429,9.279447513812151,20.050000000000004,13.310975609756095,24.0,12.25,11.3,19.196153846153848,15.95,209.78571428571428,2915.0,103.66666666666669,11.379310344827585,70.62142857142858,87.1,14.2,76.5,49.65
74.86666666666667,9.11,30.2,31.0,14.3,275.2368421052632,26.899999999999995,53.5,106.75,181.5,7.7200000000000015,70.35,24.75,28.9,42.9,108.96875,42.05,13.19,18.3,36.75454545454546,183.5,440.0,29.9,21.0,47.65,32.3,24.2,24.1,393.0,23.15,19.29326923076923,51.86666666666667,7.821219512195122,36.35192307692308,10.699999999999998,13.75,17.1,61.1,39.1125,31.3,29.2,63.71818181818183,81.3,47.98,54.22222222222222,29.515625,22.1,97.90000000000002,62.428947368421056,14.45,60.93783783783783,15.0,35.0,10.3875,11.554347826086955,22.600000000000005,19.354687500000004,224.0,189.25,24.25,9.47,26.28,8.54,10.055555555555557,13.6625,19.05,8.288421052631577,18.475,59.472727272727276,118.0,14.2,49.78333333333333,68.3,18.521666666666665,93.0,34.05,95.4,150.5,36.8,55.475,8.850312500000003,104.0,59.34166666666667,71.98695652173912,427.5,35.5,213.7142857142857,16.0,201.0,187.0,92.5,257.0,41.4,86.5,37.5,35.2,33.4,57.3,71.025,60.82499999999999,70.2,29.85,541.0,20.248148148148147,56.0,379.0,250.5,33.4,11.510227272727272,160.88888888888889,37.20505050505051,85.78026315789475,43.03967741935485,130.85294117647058,97.07692307692308,288.5,62.769230769230774,226.08333333333331,43.35,11.002022821576764,98.5,278.5,346.25,16.939473684210526,16.05,55.3,47.94434782608696,9.28824489795918,20.05,13.31111111111111,24.0,12.216666666666667,11.273333333333335,19.196,15.976470588235294,209.66666666666663,2915.0,103.75,11.367692307692305,70.7,87.0,14.18125,76.5,49.6
74.88,9.11,30.15,31.0,14.35,275.3333333333333,26.87666666666667,53.5,106.625,181.0,7.72,70.4,24.642857142857146,28.85,42.9,109.0,42.05,13.2,18.275,36.75,183.5,438.5,29.9,20.95,47.7,32.266666666666666,24.2,24.100000000000005,393.0,23.146428571428572,19.2625,51.77777777777778,7.8254807692307695,36.4,10.7,13.756944444444445,17.113953488372093,61.1,39.086842105263145,31.3,29.2,63.74000000000001,81.2,47.95,54.240625,29.538461538461537,22.1,97.85,62.4,14.45,60.94,15.0,35.0,10.36,11.564285714285715,22.625,19.35,224.5,189.0,24.25,9.476111111111113,26.27857142857143,8.54,10.1,13.7,19.050000000000004,8.289824561403508,18.47941176470588,59.503125,118.0,14.2,49.7,68.2,18.5,92.93392857142858,34.06458333333333,95.4,150.5,36.90000000000001,55.45,8.86,104.07142857142857,59.32222222222222,71.9,428.0,35.5,214.0,15.99642857142857,200.875,187.0,92.475,257.0,41.35,86.5,37.5,35.20000000000001,33.47222222222222,57.3,71.0,60.85,70.3,29.85,542.0,20.20868794326241,55.98,379.0,250.5,33.41428571428572,11.5421875,160.625,37.222727272727276,85.8,43.03233944954128,130.62,97.08571428571429,289.0,62.79999999999999,225.5,43.35,11.004051565377534,98.4,278.4,346.0,16.95,16.03,55.289830508474566,47.94596774193549,9.28276923076923,20.05,13.321666666666665,24.025,12.24642857142857,11.258333333333333,19.204545454545453,15.94,210.0,2915.0,104.0,11.3546875,70.63076923076923,86.98793103448277,14.2,76.5,49.55
74.9,9.118064516129033,30.2,31.0,14.3,275.5,26.9,53.5,107.0,181.5,7.7200000000000015,70.35,24.75,28.9,42.85,108.96875,42.096875,13.2,18.338461538461534,36.75454545454546,183.5,440.0,29.83448275862069,20.95,47.65,32.3,24.2,24.1,393.0,23.15,19.3,51.7125,7.82390243902439,36.33888888888889,10.7,13.75,17.099999999999998,61.1,39.14,31.3,29.149999999999995,63.77037037037037,81.2,47.96666666666667,54.352941176470594,29.51388888888889,22.100000000000005,97.7,62.33513513513515,14.466666666666665,60.9,15.0,35.0,10.35,11.55,22.6,19.354545454545452,224.0,189.25,24.25,9.479655172413798,26.3,8.5375,10.1,13.685714285714289,19.05,8.291507936507934,18.45,59.58181818181818,118.0,14.2,49.67,68.14999999999999,18.541044776119406,92.9657894736842,34.1,95.4,150.5,36.9,55.5,8.86,104.0,59.31818181818182,71.97142857142858,427.5,35.45,213.7142857142857,15.95,200.58823529411762,186.75,92.5,256.5,41.3875,86.5,37.498734177215184,35.21250000000001,33.458333333333336,57.36,71.01333333333334,60.81428571428571,70.22,29.872727272727275,541.7,20.203142857142858,55.957142857142856,379.0,250.5,33.425,11.516666666666667,160.83333333333334,37.2,85.84953271028037,42.998648648648654,130.7,97.1,288.5,62.81249999999999,225.5,43.35,11.005306799336651,98.44576271186442,278.6666666666667,346.5,16.95,16.05,55.32553191489361,47.92297297297298,9.283939393939393,20.05,13.314583333333333,24.032142857142862,12.25,11.25,19.23928571428572,15.952564102564102,210.0,2915.0,103.70833333333331,11.382558139534886,70.7,87.0,14.2,76.5,49.55
74.875,9.108461538461539,30.15,31.0,14.35,275.0769230769231,26.87352941176471,53.5,106.5,180.5,7.72,70.5,24.642857142857146,28.85,42.8875,108.6,42.072222222222216,13.2,18.31818181818182,36.75,183.4,438.5,29.8,20.983333333333334,47.7,32.25416666666667,24.2,24.075000000000006,392.9,23.13333333333333,19.3,51.70000000000001,7.8206578947368435,36.37142857142858,10.7,13.749425287356322,17.075000000000006,61.0,39.12333333333333,31.35,29.15,63.67666666666667,81.2,47.95,54.2875,29.550000000000004,22.1,97.7,62.332142857142856,14.45,60.90357142857143,15.0,35.0,10.4,11.550198412698412,22.625,19.35,224.5,189.0,24.25,9.48,26.258333333333336,8.54,10.05,13.69,19.05,8.290156249999999,18.48846153846154,59.538709677419355,118.0,14.1921875,49.7,68.08947368421052,18.5,93.09056603773584,34.0923076923077,95.3,150.35714285714286,36.9,55.5,8.856315789473681,104.0909090909091,59.34,71.97142857142858,428.0,35.45,214.0,15.99642857142857,200.8125,187.0,92.475,257.0,41.35,86.49,37.51041666666666,35.2,33.47222222222222,57.315,71.07499999999997,60.86,70.2,29.87173913043478,541.9166666666666,20.180000000000003,55.93333333333334,380.5,250.5,33.4,11.504545454545456,160.83333333333334,37.216,85.8,43.00714285714286,130.74166666666667,97.06,288.875,62.88888888888889,226.0,43.35000000000001,11.0,98.40384615384615,278.59090909090907,346.25,16.940076335877865,16.05,55.3,47.904395604395596,9.283375,20.05,13.344117647058823,24.032352941176466,12.25,11.279411764705882,19.2,15.97,210.0,2915.0,104.0,11.350236593059936,70.65,86.9,14.163414634146342,76.5,49.53913043478261
74.83333333333333,9.1,30.100000000000005,31.1,14.3,275.5,26.89,53.6,107.0,180.5,7.709999999999999,70.4,24.75,28.9,42.85,108.96875,42.062,13.2,18.338461538461534,36.75454545454546,183.125,440.0,29.8,20.95,47.65,32.3,24.2,24.1,393.0,23.13333333333333,19.29642857142857,51.71666666666667,7.810416666666666,36.35,10.7,13.7125,17.097222222222225,61.1,39.15,31.316666666666666,29.100000000000005,63.62857142857143,81.3,47.9,54.35,29.55,22.1,97.7,62.36428571428571,14.466666666666665,60.914,15.0,34.99558823529412,10.35,11.551315789473687,22.6,19.375,224.0,189.0,24.25,9.480000000000002,26.258333333333336,8.538484848484845,10.1,13.685714285714285,19.05,8.286808510638298,18.45,59.496875,118.0,14.191666666666665,49.65,68.1,18.541304347826085,92.8,34.1,95.4,150.0,36.9,55.46666666666667,8.85,104.0,59.4,71.91612903225806,427.5,35.5,213.7142857142857,15.95,200.5,187.0,92.5,256.5,41.4,86.5,37.55,35.2,33.46875,57.39230769230768,71.05,60.825,70.25999999999999,29.9,542.0,20.196428571428573,55.8875,380.0,250.5,33.4,11.50357142857143,160.92857142857142,37.20000000000001,85.81249999999999,43.022719734660036,130.70833333333334,97.09999999999998,288.5,62.82222222222222,225.5,43.35,11.0,98.4,278.5,346.5,16.95,16.04891304347826,55.33333333333334,47.95,9.280545454545452,20.05,13.348039215686276,24.0,12.2375,11.25,19.209722222222226,15.975555555555555,210.0,2915.0,103.78125,11.361811023622048,70.60000000000002,86.96666666666665,14.2,76.5,49.55
74.875,9.1,30.15,31.05,14.35,275.5,26.87307692307693,53.5,106.94117647058823,180.5,7.72,70.3,24.71666666666667,28.85,42.88333333333333,108.6,42.05833333333333,13.2,18.31818181818182,36.75,183.4,438.5,29.85,20.98260869565217,47.70000000000001,32.25,24.2,24.1,392.75,23.13809523809524,19.285185185185192,51.69310344827586,7.809827586206897,36.37142857142858,10.7,13.733333333333334,17.07,61.0,39.15,31.35,29.13636363636364,63.77857142857143,81.20000000000002,47.9,54.3,29.5,22.145,97.66666666666669,62.29999999999999,14.45,60.975,15.0,35.0,10.4,11.55,22.65,19.35,224.5,189.0,24.25,9.48090909090909,26.291142857142855,8.54,10.1,13.68125,19.05,8.298790322580647,18.48846153846154,59.4,118.0,14.191666666666668,49.68333333333334,68.08947368421052,18.541666666666668,92.81666666666666,34.10975609756097,95.4,150.0,36.88125,55.5,8.86,104.0,59.35,71.9,428.0,35.56842105263158,213.25,15.95,200.5,187.0,92.4,257.0,41.35,86.4,37.51363636363636,35.2,33.48571428571429,57.33043478260869,71.10000000000002,60.9,70.3,29.855882352941176,543.0,20.157575757575763,55.82000000000001,379.125,250.5,33.4,11.55,160.83333333333334,37.20666666666667,85.83285714285716,43.08567567567568,130.8780487804878,97.08125,289.0,62.89523809523809,226.0,43.3,11.002380952380953,98.4010752688172,278.5,346.5,16.929411764705886,16.05,55.344,47.90416666666666,9.281486486486484,20.049425287356325,13.3,24.016,12.25,11.290476190476193,19.2,16.0,210.0,2915.0,104.0,11.35,70.6,87.0,14.199999999999998,76.5,49.5
74.8,9.112727272727273,30.1,31.14090909090909,14.35,275.5,26.9,53.5,106.75,180.5,7.709999999999999,70.3,24.7,28.9,42.86,108.96875,42.05,13.2,18.338461538461534,36.75,183.125,440.0,29.850000000000005,20.983333333333334,47.7,32.285000000000004,24.25,24.08,393.0,23.123684210526317,19.3,51.68333333333334,7.8,36.35833333333333,10.699999999999998,13.7125,17.055,61.1,39.1,31.30833333333333,29.1,63.73333333333333,81.3,47.93333333333334,54.20833333333334,29.550000000000004,22.125,97.7,62.23928571428571,14.45,61.0,14.95,34.99285714285714,10.366666666666667,11.550000000000002,22.6,19.35,224.0,189.0,24.25,9.480000000000002,26.3,8.54,10.1,13.691666666666668,19.05,8.283404255319146,18.4,59.36666666666666,117.91666666666669,14.2,49.63,68.035,18.52,92.99090909090908,34.15,95.4,150.0,36.9,55.4,8.85,104.0,59.3,71.91612903225806,428.0,35.665789473684214,213.7142857142857,16.0,200.5,187.0,92.5,256.5,41.37894736842105,86.425,37.53076923076923,35.15,33.46875,57.39285714285713,71.03,60.83636363636363,70.3,29.85,543.875,20.18214285714285,55.8,380.0,250.5,33.4,11.516666666666667,160.66666666666666,37.2,85.79999999999998,43.060994764397904,130.625,97.08,289.0,62.82500000000001,226.5,43.3,11.032692307692306,98.4,278.625,346.0,16.983536585365854,16.07916666666667,55.315384615384616,47.89375000000001,9.2825,20.05,13.3,24.027884615384608,12.25,11.25,19.2,15.995370370370368,210.0,2912.5,104.0,11.335,70.6,86.97857142857143,14.240196078431373,76.42941176470588,49.55
74.9,9.11,30.1,31.1,14.35,275.6666666666667,26.87307692307693,53.5,106.75,181.0,7.72,70.3,24.6,28.85,42.83000000000001,108.6,42.1,13.2,18.25,36.75,183.25,440.0,29.85,21.0,47.7,32.31290322580645,24.25,24.05,393.0,23.15,19.295283018867927,51.547619047619044,7.790204081632654,36.40277777777777,10.7,13.742307692307689,17.133695652173916,61.1,39.083333333333336,31.3,29.1,63.8,81.26666666666667,47.9125,54.27777777777778,29.5125,22.133783783783784,97.7,62.265,14.5,60.91,15.0,35.0,10.35,11.55,22.65,19.35,224.5,189.0,24.25,9.48090909090909,26.300000000000004,8.54,10.1,13.685714285714285,19.05,8.285833333333333,18.4,59.29999999999999,118.0,14.154545454545454,49.65833333333333,68.2,18.531506849315072,93.0,34.125,95.4,150.25,36.9,55.43636363636363,8.850909090909092,103.84615384615385,59.29999999999999,71.95555555555555,428.0,35.7,213.25,16.0,200.4230769230769,187.0,92.4,257.0,41.35,86.5,37.52,35.17906976744186,33.5,57.34666666666666,71.05,60.8,70.2909090909091,29.850000000000005,544.0,20.19918032786885,55.82000000000001,379.125,250.5,33.364285714285714,11.542431192660553,161.0,37.2,85.86527777777778,43.0828125,130.88541666666666,97.09523809523809,289.0,62.86315789473685,226.5,43.3375,11.05,98.45416666666668,278.5,346.0625,16.983050847457626,16.099999999999998,55.27647058823529,47.87380952380952,9.281710526315786,20.049425287356325,13.305555555555555,24.0,12.2375,11.25,19.21315789473684,15.994520547945205,209.66666666666663,2915.0,103.90243902439023,11.339552238805972,70.52857142857144,87.0,14.25,76.44000000000003,49.55
74.9,9.11,30.1,31.14090909090909,14.35,275.5,26.899999999999995,53.5,106.5,180.5,7.709999999999999,70.3,24.745454545454546,28.95,42.86,108.5,42.1,13.2,18.338461538461534,36.75,183.125,440.0,29.850000000000005,21.026923076923076,47.725,32.33571428571429,24.2,24.05,393.0,23.15,19.294736842105266,51.6,7.796849315068494,36.36666666666667,10.699999999999998,13.75,17.1,61.0,39.00714285714286,31.35,29.15,63.81428571428571,81.1,47.9,54.3,29.55,22.050000000000004,97.6,62.22500000000001,14.45,60.91538461538464,14.95,35.0,10.366666666666667,11.55,22.625,19.4,224.0,188.5,24.25,9.480000000000002,26.3,8.54,10.1,13.65,19.05,8.28,18.4,59.2,118.0,14.2,49.6,68.11428571428571,18.5,92.92857142857143,34.112500000000004,95.43333333333334,150.0,36.85,55.43333333333334,8.86,103.5,59.29999999999999,72.0,428.0,35.71875,213.5,16.0,200.5,187.0,92.5,256.5,41.35,86.42,37.55,35.15,33.45,57.39285714285713,71.01,60.825,70.24444444444445,29.863888888888887,544.0,20.196666666666665,55.8,379.5,250.5,33.35,11.522222222222226,160.95,37.2,85.79999999999998,43.077007299270065,130.8125,97.025,289.0,62.78999999999999,226.5,43.3,11.02727272727273,98.4,278.5,345.7,16.988652482269508,16.1,55.3,47.9,9.281304347826087,20.049107142857142,13.300000000000002,24.0,12.245833333333335,11.269090909090908,19.233333333333334,15.990410958904107,209.75,2910.0,103.5,11.349999999999998,70.5230769230769,87.05,14.25,76.41538461538461,49.55
74.9,9.100980392156863,30.085,31.15,14.35,275.0,26.87142857142857,53.5,106.58333333333331,181.0,7.72,70.3,24.6,28.92142857142857,42.85,108.5,42.05,13.199999999999998,18.25,36.7625,183.0,440.0,29.85,21.04,47.7,32.33571428571428,24.25,24.05,393.0,23.14945054945055,19.281521739130444,51.48235294117647,7.784224137931035,36.35,10.683333333333334,13.735999999999999,17.098750000000006,61.05,38.925,31.3,29.1,63.85652173913044,81.1,47.89999999999999,54.352941176470594,29.55,22.075000000000006,97.53333333333336,62.20625000000001,14.449999999999998,60.9063829787234,14.95,34.99285714285714,10.35,11.553947368421055,22.6,19.35,224.5,188.375,24.25,9.48090909090909,26.300000000000004,8.534642857142856,10.1,13.685714285714285,19.05,8.273658536585367,18.4,59.10909090909092,118.0,14.158677685950416,49.6,68.19375000000001,18.549193548387095,92.9,34.1,95.4,150.0,36.88333333333333,55.39743589743589,8.86,104.0,59.31199999999999,71.91333333333334,428.0,35.744,213.25,16.0,200.0,187.0,92.4,256.8333333333333,41.35,86.4,37.55,35.14999999999999,33.45,57.3448275862069,71.0,60.88,70.3,29.85,544.9375,20.192500000000006,55.79999999999999,379.0,250.5,33.35,11.504471544715447,161.0,37.2,85.79999999999998,43.11496350364963,130.92857142857142,97.1,289.0,62.76666666666666,226.0,43.35,11.05,98.4,278.625,345.625,17.0,16.1,55.26666666666666,47.9,9.284628099173554,20.05,13.323809523809519,24.014102564102558,12.208333333333336,11.271052631578947,19.225,16.0,210.0,2915.0,103.5,11.35,70.50588235294117,87.1,14.25,76.4,49.52
74.9,9.11,30.05,31.15,14.35,275.0,26.89375,53.5,106.5,180.5,7.71,70.3,24.745454545454546,28.95,42.9,108.5,42.0,13.2,18.338461538461534,36.75,183.125,440.0,29.8,21.05,47.75,32.35,24.25,24.05,393.0,23.159523809523808,19.2875,51.48571428571428,7.78,36.316666666666656,10.699999999999998,13.704651162790695,17.061111111111117,61.0,38.96470588235295,31.35,29.15,63.78,81.1,47.9,54.38125,29.5,22.05,97.6,62.21200000000001,14.5,60.92291666666667,14.95,35.0,10.35,11.55,22.65,19.4,224.0,188.0,24.3,9.48090909090909,26.294444444444448,8.54,10.1,13.677777777777779,19.05,8.285416666666665,18.4,59.03636363636363,118.0,14.159183673469391,49.6,68.23333333333333,18.55,92.9,34.06666666666666,95.4,150.0,36.85,55.3090909090909,8.851666666666668,103.85714285714286,59.3,72.0,428.0,35.7275,213.5,15.95,200.125,186.83333333333331,92.46666666666664,256.5,41.35,86.4,37.55,35.165000000000006,33.45,57.39285714285714,71.03846153846153,60.853846153846156,70.32105263157894,29.84794520547945,545.0,20.2,55.788888888888884,379.0,250.5,33.355000000000004,11.533783783783786,160.9230769230769,37.2,85.79056603773584,43.123489932885924,130.85416666666666,97.05714285714286,289.0,62.74000000000001,225.75,43.309375,11.033333333333335,98.4,278.5,345.5,17.0,16.099206349206348,55.275757575757574,47.9,9.279245283018867,20.049107142857142,13.3,24.0,12.25,11.271875,19.20625,16.0,210.0,2910.0,103.5,11.35,70.52857142857144,87.1,14.237772925764196,76.36296296296297,49.5125
74.83333333333333,9.11,30.05,31.15,14.35,274.625,26.9,53.6,106.5,181.0,7.72,70.3,24.6,28.92142857142857,42.85,108.5,42.0,13.2,18.25,36.8,183.0,440.0,29.8,21.05,47.7,32.37037037037037,24.25,24.05,392.5,23.19423076923077,19.3,51.51666666666667,7.790000000000001,36.35,10.7,13.74090909090909,17.05769230769231,61.025,39.06363636363636,31.30652173913044,29.1,63.83157894736842,81.1,47.9,54.26000000000001,29.53333333333333,22.064285714285717,97.5,62.17608695652174,14.457142857142856,60.970588235294116,15.0,34.99583333333333,10.353225806451613,11.55,22.65,19.35,224.5,188.375,24.25,9.48,26.3,8.533846153846152,10.1,13.675,19.085714285714285,8.28025641025641,18.4,59.0,117.94444444444444,14.1,49.6,68.3,18.55,92.85,34.114285714285714,95.3,150.3,36.89999999999999,55.3,8.85,103.8,59.3,71.95500000000001,428.5,35.77361111111111,213.25,16.0,200.1875,186.5,92.5,256.5,41.35,86.4,37.5,35.14999999999999,33.46666666666667,57.33478260869565,71.00416666666666,60.9,70.39,29.8,545.0,20.195833333333333,55.714285714285715,379.0,250.5,33.362500000000004,11.5,161.0,37.16346153846154,85.75333333333334,43.14233576642336,130.76315789473685,97.07777777777777,289.0,62.7625,226.0,43.3,11.00037037037037,98.3,278.5,345.75,17.0,16.1,55.29999999999998,47.89999999999999,9.270722891566264,20.037692307692307,13.3,24.020588235294124,12.214743589743591,11.253125,19.232692307692307,16.0,210.0,2910.0,103.5,11.336486486486486,70.53999999999998,87.09999999999998,14.255681818181818,76.3,49.52857142857143
74.88333333333334,9.11,30.05,31.175,14.35,275.0,26.95,53.5,106.6206896551724,180.5,7.71,70.3,24.745454545454546,28.95,42.9,108.5,42.0,13.166666666666664,18.338461538461534,36.75,183.08333333333331,440.0,29.8,21.05,47.75,32.377272727272725,24.25,24.05,392.8,23.2,19.28103448275862,51.6,7.78,36.3,10.7,13.75,17.096938775510207,61.025,39.0,31.316666666666666,29.1,63.71176470588234,81.2,47.9,54.39999999999999,29.5,22.05,97.5,62.13220338983052,14.45,60.9,14.95,35.0,10.35,11.558333333333332,22.65,19.35,224.0,187.66666666666663,24.2,9.48,26.3,8.532499999999999,10.1,13.663157894736845,19.05,8.24948275862069,18.4,58.9,117.9,14.1,49.55,68.28823529411764,18.55,92.825,34.09166666666667,95.5,150.0,36.9,55.40000000000001,8.851666666666668,103.75,59.28823529411765,71.99166666666666,428.5,35.790740740740745,213.5,16.0,200.0,186.83333333333331,92.4,256.5,41.35,86.39999999999998,37.519230769230774,35.15,33.457142857142856,57.36666666666666,71.025,60.90000000000001,70.4,29.8,544.8333333333334,20.18571428571429,55.7125,379.0,250.5,33.35,11.50159151193634,160.82142857142858,37.18703703703704,85.75172413793103,43.18376623376624,130.84722222222223,97.05,289.0,62.75599999999999,225.5,43.309375,11.048684210526316,98.3,278.5,346.0,17.0,16.10271317829458,55.28823529411764,47.90797101449275,9.273199999999996,20.05,13.3,24.021428571428572,12.23,11.272,19.200390625,15.995327102803738,210.0,2910.0,103.2,11.39419191919192,70.58541666666666,87.2,14.291818181818185,76.36296296296297,49.5
74.9,9.11,30.050000000000004,31.100000000000005,14.3,274.625,26.9,53.6,106.57142857142857,181.0,7.72,70.3,24.7,28.903125,42.85,108.5,42.02272727272727,13.199999999999998,18.3,36.75,183.0,440.0,29.8,21.050000000000004,47.75,32.4,24.25,24.05,392.375,23.2,19.261538461538464,51.56666666666667,7.7799999999999985,36.35,10.7,13.7375,17.05454545454546,61.025,38.98529411764706,31.35,29.040909090909096,63.65294117647058,81.2,47.9,54.37647058823529,29.45,22.05,97.56666666666666,62.165789473684214,14.45,60.909375,14.95,34.99583333333333,10.316666666666668,11.553703703703706,22.649999999999995,19.35,224.5,187.5,24.2,9.48130434782609,26.29115044247788,8.530319634703195,10.1,13.7,19.05,8.262142857142857,18.4,58.9,118.0,14.100370370370369,49.575,68.3,18.55,92.83636363636364,34.10769230769231,95.3,150.0,36.89444444444445,55.4125,8.850833333333334,103.66666666666669,59.3,71.975,428.5,35.82083333333333,213.22222222222226,16.0,199.5,186.5,92.5,256.5,41.36666666666667,86.4,37.45,35.14999999999999,33.45,57.32727272727272,71.05,60.8,70.4,29.80454545454546,544.85,20.200000000000006,55.8,379.0,250.5,33.375,11.550000000000002,160.9,37.20256410256409,85.7,43.2,130.85714285714286,97.04545454545456,289.0,62.66666666666666,226.0,43.3,11.0505,98.3310344827586,278.5,345.71428571428567,17.0,16.110000000000007,55.29629629629629,47.8975806451613,9.274881889763778,20.05,13.3,24.030000000000005,12.22,11.263333333333332,19.20108695652174,15.973529411764707,210.0,2910.0,103.5,11.363265306122448,70.65714285714286,87.1,14.25,76.3,49.5
74.89999999999998,9.11,30.05,31.175,14.35,274.9230769230769,26.941666666666666,53.6,106.5,180.5,7.71,70.3,24.745454545454546,28.9,42.89,108.5,42.0,13.2,18.338461538461534,36.75,183.0,440.0,29.8,21.09,47.75,32.409259259259265,24.25,24.05,392.0,23.2,19.28888888888889,51.6,7.778725490196076,36.3,10.7,13.75,17.100000000000005,61.025,39.03333333333333,31.3,29.1,63.702941176470574,81.2,47.9,54.3,29.5,22.05,97.6,62.12592592592592,14.449999999999998,60.99130434782609,14.95,35.05,10.35,11.55,22.63333333333333,19.4,224.0,187.3,24.245454545454546,9.48,26.267857142857146,8.524285714285714,10.1,13.687499999999998,19.05,8.27,18.4,58.9,118.0,14.05,49.59166666666666,68.22,18.582352941176477,92.79444444444442,34.1,95.5,150.0,36.9,55.43333333333334,8.851666666666668,103.5,59.31111111111112,72.0,428.5,35.829166666666666,213.5,16.0,199.78571428571428,186.5,92.4,256.5,41.35,86.3090909090909,37.5,35.11860465116279,33.41428571428572,57.4,71.03333333333335,60.8,70.31666666666668,29.8,544.2,20.17391304347826,55.7,379.0,250.5,33.35833333333333,11.503125,161.36363636363637,37.2064935064935,85.71935483870969,43.19653979238754,130.953125,97.0375,289.0,62.73333333333333,225.5,43.20555555555556,11.090000000000002,98.30909090909093,278.5,346.0,17.0,16.1,55.3,47.9,9.275675675675675,20.05,13.3,24.0125,12.210714285714285,11.250602409638553,19.200000000000006,15.971428571428572,210.0,2910.0,103.39655172413794,11.395833333333336,70.61333333333333,87.15,14.25,76.36296296296297,49.5
74.9,9.103333333333332,30.026666666666664,31.075,14.4,275.5,26.905,53.6,106.5,181.0,7.72,70.3,24.7,28.903125,42.9,108.5,41.9875,13.199999999999998,18.3,36.75,183.0,440.0,29.8,21.03,47.8,32.4375,24.25,24.05,392.375,23.2,19.26551724137931,51.58333333333334,7.78,36.35,10.7,13.742857142857142,17.0875,61.0,39.017857142857146,31.35,29.05,63.71,81.3,47.9,54.35,29.45,22.05,97.3,62.11754385964912,14.5,61.0,14.95,35.05,10.316666666666666,11.6,22.643548387096768,19.4,224.0,187.0,24.25,9.48130434782609,26.3,8.526923076923076,10.1,13.657142857142857,19.05,8.26,18.35135135135135,58.97272727272727,118.0,14.05,49.55,68.15,18.543478260869566,92.8,34.05,95.3,150.0,36.895833333333336,55.475,8.86,103.5,59.3,71.97142857142858,428.5,35.80714285714286,213.75,15.95,199.5,186.5,92.5,256.5,41.38333333333333,86.3,37.5,35.1375,33.45,57.315,71.05,60.8125,70.4,29.8,545.0,20.19,55.728571428571435,379.0,250.5,33.35,11.539393939393939,161.0,37.2,85.69999999999997,43.20000000000001,130.66129032258064,97.1090909090909,289.0,62.77499999999999,226.0,43.15,11.05,98.38793103448276,278.5,345.9,17.0340490797546,16.1,55.27916666666668,47.9,9.271688311688312,20.05,13.3,24.0,12.20625,11.26,19.19764150943396,15.973333333333333,209.75,2910.0,103.5,11.4,70.61071428571428,87.12857142857145,14.25,76.19848484848484,49.5
74.9,9.104,30.0,31.175,14.35,275.5,26.904166666666665,53.5,106.5,180.5,7.709999999999999,70.3,24.745454545454546,28.9,42.9,108.5,41.95,13.2,18.3,36.8,183.0,440.0,29.8,21.09625,47.75,32.45,24.25,24.050000000000004,392.0,23.19677419354839,19.28947368421053,51.5,7.766774193548387,36.35,10.735714285714282,13.736363636363635,17.1,61.05,39.0,31.325000000000006,29.05,63.73,81.1,47.9,54.4,29.45,22.05,97.4,62.10000000000001,14.4625,60.974074074074075,14.95,35.05,10.323076923076924,11.58888888888889,22.66,19.42058823529411,224.5,187.5,24.23333333333333,9.489565217391306,26.3,8.529572649572648,10.1,13.689999999999998,19.05,8.27,18.3,59.0,117.75,14.05,49.6,68.1875,18.5,92.76666666666668,34.07857142857143,95.4,150.0,36.89545454545455,55.45,8.85,103.71428571428572,59.28666666666667,71.96666666666667,429.0,35.73999999999999,213.95454545454547,16.0,199.61538461538458,186.5,92.4,256.5,41.35,86.2,37.458333333333336,35.10652173913044,33.40833333333333,57.364705882352936,71.02727272727272,60.79999999999999,70.32857142857144,29.80833333333333,545.0,20.184375,55.78000000000001,379.0,250.5,33.377272727272725,11.5,161.4,37.220588235294116,85.73235294117647,43.202542372881354,131.0,97.15000000000002,289.0,62.63333333333333,225.5,43.20555555555556,11.05,98.49565217391304,279.0,345.91666666666674,17.003873239436626,16.05,55.24249999999999,47.89358974358974,9.278125,20.05,13.286363636363635,24.00522388059701,12.228571428571426,11.254545454545452,19.21470588235294,15.991304347826087,210.0,2910.0,103.5,11.35,70.675,87.09090909090908,14.204999999999998,76.1,49.5
74.9,9.11,30.0,31.0,14.4,275.5,26.9,53.6,106.5909090909091,181.0,7.72,70.3,24.7,28.903125,42.9,108.5,41.9,13.2,18.3,36.766666666666666,183.0,439.5,29.8,21.066666666666666,47.7,32.45,24.25,24.05,392.375,23.207352941176467,19.3,51.5,7.77,36.35,10.7,13.748529411764705,17.1,61.0,38.99565217391304,31.350000000000005,29.05,63.7,81.3,47.89999999999999,54.3047619047619,29.403846153846153,22.05,97.4,62.1,14.45,60.968,14.95,35.05,10.316666666666666,11.561111111111114,22.6875,19.39818181818181,224.0,187.5,24.2,9.479534883720932,26.2578125,8.5299173553719,10.1,13.677777777777779,19.05,8.261818181818182,18.3,59.0,117.9,14.05,49.55,68.1,18.55,92.81111111111109,34.05,95.3,150.0,36.9,55.42,8.86,103.55555555555556,59.28181818181818,71.92857142857143,429.0,35.75,212.5,15.95,200.0,187.0,92.5,256.0,41.35,86.21538461538464,37.45,35.105357142857144,33.40625,57.32000000000001,71.0,60.756,70.3,29.813157894736843,544.7222222222222,20.194230769230767,55.79999999999999,379.25,250.5,33.43181818181818,11.53125,161.5,37.20625,85.78928571428571,43.18320158102767,130.6,97.2,289.0,62.7,225.83333333333331,43.20000000000001,11.1,98.46111111111112,278.8333333333333,345.6875,17.03333333333333,16.093750000000004,55.22692307692307,47.9,9.270119047619048,20.05,13.258695652173914,23.99666666666667,12.242222222222221,11.25945945945946,19.25,15.993220338983052,209.9,2910.0,103.43877551020408,11.38125,70.61428571428571,87.1,14.198936170212765,76.1,49.5
75.0,9.11,30.0125,31.175,14.4,275.5,26.904166666666665,53.6,106.5,180.5,7.709999999999999,70.3,24.745454545454546,28.9,42.9,108.5,41.878571428571426,13.2,18.35,36.8,183.0625,440.0,29.8,21.01904761904762,47.725,32.47000000000001,24.25,24.05,392.83333333333326,23.2075,19.276190476190475,51.48,7.768888888888887,36.3,10.735714285714282,13.736666666666668,17.1,61.1,38.97857142857144,31.325000000000006,29.090000000000003,63.78181818181818,81.1,47.95,54.38,29.435714285714283,22.14090909090909,97.4,62.10000000000001,14.45,60.95333333333333,14.95,35.05,10.342857142857143,11.583333333333336,22.67857142857143,19.4,224.16666666666663,187.5,24.23333333333333,9.48,26.300000000000004,8.53,10.075,13.7,19.05,8.262380952380951,18.254761904761907,59.0,117.75,14.011111111111115,49.61666666666667,68.15,18.53846153846154,92.89285714285715,34.059999999999995,95.33333333333331,150.0,36.89545454545455,55.39999999999999,8.845961538461538,103.6,59.31818181818182,71.96666666666667,429.0,35.8,213.95454545454547,16.0,199.975,186.5,92.4,256.5,41.35,86.18333333333334,37.458333333333336,35.1,33.4,57.3,71.03,60.714285714285715,70.3,29.836666666666666,545.0,20.2,55.73333333333333,379.0,250.5,33.458333333333336,11.5,160.99382716049382,37.2,85.8,43.19181818181819,130.86046511627907,97.18695652173912,289.0,62.72500000000001,226.0,43.20000000000001,11.05,98.4,278.6363636363636,346.0,17.049999999999994,16.1,55.27916666666666,47.889024390243904,9.276938775510203,20.05,13.25,23.985714285714284,12.21923076923077,11.28,19.233333333333334,15.982558139534886,210.0,2910.0,103.5,11.352150537634408,70.62857142857142,87.1,14.15,76.1,49.5
75.0,9.105,30.0,31.0,14.4,275.5,26.92083333333333,53.6,106.5,181.0,7.72,70.3,24.7,28.850000000000005,42.875,108.5,41.8625,13.175,18.3,36.75,183.0,439.5,29.85,21.03333333333333,47.7,32.5,24.25,24.05,392.625,23.22307692307692,19.292,51.32000000000001,7.765192307692307,36.308333333333344,10.7,13.723999999999998,17.095454545454547,61.0,39.015625,31.35,29.05,63.77,81.3,47.972727272727276,54.3,29.39910714285714,22.05,97.3,62.10930232558141,14.449999999999998,60.948571428571434,14.95,35.05,10.3375,11.575,22.65666666666667,19.4,224.0,188.0,24.2,9.48,26.274999999999995,8.532222222222222,10.1,13.685714285714289,19.070833333333333,8.264210526315788,18.2948275862069,59.075,117.875,14.041666666666664,49.58333333333334,68.0,18.5475,92.97857142857143,34.05491803278689,95.3,150.0,36.9,55.375,8.84,103.85714285714286,59.3,71.9,429.0,35.8,213.5,16.0,200.0,187.0,92.5,256.0,41.32187499999999,86.2,37.45,35.1,33.45,57.30588235294118,71.1,60.79999999999999,70.35,29.816666666666666,545.0,20.2,55.8,379.25,250.5,33.45,11.534210526315789,160.92857142857142,37.2,85.79782608695652,43.138095238095225,130.66666666666666,97.2,289.0,62.8,226.0,43.145,11.05,98.47837837837837,278.5,346.0,17.001928020565554,16.1,55.29999999999999,47.94642857142857,9.271,20.05,13.3,23.988888888888887,12.230555555555556,11.25,19.25,16.0,210.0,2915.0,103.0,11.37826086956522,70.62857142857142,87.15,14.176923076923076,76.1,49.5
75.0,9.11,30.0,31.175,14.4,276.0,26.9,53.52,106.5,180.5,7.709999999999999,70.3,24.7,28.84166666666667,42.88333333333333,108.5,41.9,13.2,18.35,36.8,183.0625,440.0,29.85,21.01904761904762,47.7,32.5,24.25,24.05,392.75,23.21923076923077,19.285185185185192,51.38333333333333,7.763673469387758,36.3,10.7,13.75,17.1,61.1,39.05,31.399999999999995,29.066666666666666,63.76000000000001,81.1,47.975,54.28823529411764,29.4,22.10833333333333,97.2,62.09327731092437,14.5,60.9,14.9,35.05,10.325,11.6,22.66666666666667,19.4,224.0,187.5,24.26538461538461,9.48,26.263636363636362,8.536153846153843,10.061538461538463,13.680769230769231,19.05,8.278333333333334,18.25,59.011111111111106,118.0,14.025,49.55,68.0,18.55,93.0,34.072222222222216,95.29230769230769,150.25,36.9,55.36666666666667,8.845961538461538,103.57692307692308,59.3,71.91,429.0,35.8,213.5,15.95,200.0,186.5,92.4,256.5,41.3,86.3,37.5,35.1,33.4,57.375,71.00869565217391,60.8,70.3,29.80384615384615,544.5,20.19473684210526,55.72000000000001,379.5,250.0,33.45,11.528571428571427,160.92105263157896,37.21842105263159,85.71999999999998,43.18665865384616,130.83333333333334,97.11666666666666,289.0,62.73,226.25,43.2,11.057142857142859,98.43,278.85714285714283,345.6,17.029411764705884,16.087500000000002,55.29999999999998,47.95,9.273611111111109,20.05,13.3,23.95,12.2421875,11.272222222222224,19.233333333333334,15.955208333333333,210.0,2915.0,103.5,11.357777777777779,70.675,87.10000000000002,14.15,76.0,49.475
75.0,9.104545454545452,30.0,31.0,14.4,275.85,26.894736842105264,53.6,106.0,181.5,7.72,70.32857142857144,24.7,28.8,42.9,108.5,41.8875,13.199999999999998,18.3125,36.75,183.5,439.5,29.85,21.04375,47.7,32.552702702702696,24.25,24.05,392.75,23.225,19.258823529411767,51.4,7.7697916666666655,36.2625,10.712,13.765,17.05,61.0,39.00625,31.366666666666664,29.100000000000005,63.6909090909091,81.1,47.925,54.39999999999999,29.390625,22.146296296296292,97.25,62.074509803921565,14.449999999999998,60.90303030303031,14.95,35.05,10.35,11.576470588235296,22.66111111111111,19.4,224.5,188.0,24.3,9.480000000000002,26.275925925925932,8.55,10.1,13.683333333333332,19.0625,8.279629629629628,18.25,59.0,118.0,14.0,49.56875,68.0,18.50714285714286,93.05,34.07,95.3,150.0,36.89090909090908,55.4,8.83,103.9090909090909,59.3,71.97272727272728,429.0,35.8,213.5,16.0,200.21875,187.0,92.5,256.0,41.27777777777778,86.31111111111109,37.4875,35.1,33.40833333333333,57.35,71.08333333333333,60.9,70.3,29.8,544.2,20.190697674418605,55.72000000000001,379.0,250.5,33.46875,11.5,160.5,37.2,85.73125,43.19150943396227,130.73214285714286,97.15,289.0,62.76363636363636,226.0,43.2,11.05,98.49782608695652,278.6111111111111,346.0,17.021153846153847,16.1,55.3,47.97812500000001,9.271545454545453,20.05,13.3,23.95,12.207377049180332,11.269999999999998,19.200000000000006,15.99788732394366,210.0,2915.0,103.5,11.35,70.79180327868852,87.1,14.2,76.1,49.452777777777776
74.93333333333334,9.101538461538462,30.01,31.0,14.354545454545455,275.5,26.9,53.55,106.5,180.5,7.7200000000000015,70.3,24.7,28.84166666666667,42.85,108.5,41.88333333333333,13.183333333333332,18.35,36.8,183.0,440.0,29.85,21.01,47.7,32.6,24.25,24.05,392.75,23.25,19.288,51.40909090909091,7.7652702702702685,36.2625,10.745454545454548,13.79,17.09767441860465,61.14000000000001,39.01000000000001,31.4,29.06875,63.69166666666667,81.1,47.95,54.35,29.399999999999995,22.129999999999995,97.125,62.08125,14.457142857142856,60.95000000000001,14.95,35.05,10.35,11.593478260869565,22.66,19.4,224.0,188.0,24.300000000000004,9.48,26.29347826086957,8.549999999999999,10.099999999999998,13.691666666666668,19.075000000000006,8.274222222222223,18.25,58.97142857142857,118.0,14.004629629629632,49.6,67.91250000000001,18.58294117647059,93.0375,34.0551724137931,95.2,150.0,36.86785714285715,55.3,8.815714285714286,103.66666666666669,59.3,71.975,429.0,35.765,213.5,15.95,200.0,186.5,92.475,256.5,41.3,86.28,37.5,35.1,33.4,57.31666666666667,71.00869565217391,60.81428571428571,70.2,29.8,544.9090909090909,20.155479452054788,55.72000000000001,379.5,250.0,33.45,11.5,160.6,37.2,85.78750000000002,43.183443708609275,130.81372549019608,97.15714285714287,289.0,62.78235294117647,226.25,43.21666666666667,11.05,98.43,279.0,346.5,17.03921568627451,16.087500000000002,55.30722891566265,47.979310344827596,9.270256410256408,20.05,13.266519823788546,23.95,12.232352941176472,11.274242424242425,19.23571428571429,15.999180327868853,210.0,2915.0,103.16666666666669,11.359375,70.88641975308643,87.1,14.2,75.93333333333334,49.49375
75.0,9.1,30.027777777777782,31.0,14.326785714285714,275.5,26.9,53.6,106.5,181.5,7.72,70.4,24.649999999999995,28.8,42.85555555555555,108.5,41.85000000000001,13.199999999999998,18.33333333333333,36.75,183.5,440.0,29.899999999999995,21.05,47.75,32.63333333333333,24.225,24.05,393.0,23.242,19.27402597402597,51.4,7.761249999999999,36.3,10.712,13.789583333333335,17.1,61.0,38.98333333333333,31.375,29.05,63.72777777777779,81.1,47.96666666666667,54.311111111111096,29.399999999999995,22.13333333333333,97.11428571428571,62.07000000000001,14.449999999999998,60.9,14.9,35.05,10.35,11.550000000000002,22.7,19.4,224.5,187.58333333333331,24.300000000000004,9.480000000000002,26.25833333333333,8.55,10.1,13.6875,19.05,8.289911504424781,18.3,58.98333333333333,117.7,14.0,49.56875,67.99,18.55,93.12727272727273,34.057851239669425,95.26666666666668,150.0,36.9,55.33333333333334,8.7671875,103.66666666666669,59.311111111111096,71.93333333333334,429.0,35.8,213.5,15.9625,200.5,187.0,92.5,256.5,41.35,86.325,37.50882352941176,35.1,33.45,57.38888888888889,71.04166666666667,60.9,70.2,29.83055555555556,544.5,20.2,55.708,379.0,251.0,33.46875,11.501327433628314,160.5,37.20000000000001,85.79047619047618,43.19877049180328,130.66037735849056,97.21666666666668,288.75,62.730769230769226,226.5,43.25,11.050000000000002,98.45,279.0,346.5,17.003801169590645,16.093750000000004,55.4,47.98671875,9.2708,20.046666666666674,13.321739130434782,23.99642857142857,12.217948717948715,11.277906976744188,19.238372093023255,15.961475409836064,210.25,2915.0,103.5,11.382894736842106,70.9,87.02857142857144,14.2,75.90000000000002,49.457142857142856
74.98333333333333,9.1,30.00555555555556,31.0,14.354545454545455,275.6818181818182,26.856250000000006,53.51428571428572,106.5,180.5,7.72,70.3,24.7,28.803684210526317,42.85,108.5,41.85000000000001,13.2,18.35,36.8,183.5,440.0,29.85833333333333,21.05,47.7,32.654545454545456,24.2,24.05,393.0,23.232692307692307,19.292857142857144,51.425,7.77551282051282,36.316666666666656,10.745454545454548,13.796350364963505,17.08846153846154,61.14000000000001,39.0,31.399999999999995,29.05,63.73684210526316,81.1,47.98333333333333,54.39375,29.376666666666665,22.15,97.2,62.02,14.449999999999998,60.90000000000001,14.95,35.05,10.34,11.6,22.7,19.4,224.0,188.0,24.27,9.48,26.3,8.540731707317072,10.099999999999998,13.681578947368418,19.05,8.292884615384615,18.3,59.0,117.5,14.05,49.63333333333333,68.1,18.561965811965813,93.12941176470586,34.08,95.3,150.0,36.9,55.4,8.76,103.91666666666669,59.3,71.97777777777776,428.25,35.8,213.5,15.95,200.0,186.5,92.475,256.0,41.3,86.38888888888891,37.516666666666666,35.1,33.41875,57.30588235294118,71.00526315789473,60.84,70.2,29.800000000000008,544.3333333333334,20.180769230769233,55.75,379.0,251.0,33.486538461538466,11.531666666666668,160.625,37.18714285714286,85.79818181818182,43.136309523809516,130.90217391304347,97.28,289.0,62.66875,226.5,43.21666666666667,11.064788732394366,98.5,279.0,346.375,17.0,16.087500000000002,55.4,47.987804878048784,9.270487804878046,20.050000000000004,13.3,24.0,12.211627906976744,11.264,19.25,15.989393939393938,209.6875,2915.0,103.125,11.35,70.9,87.09999999999998,14.167647058823528,75.8,49.45
74.9875,9.096153846153848,30.0,31.0,14.326785714285714,275.75,26.87777777777778,53.6,106.5,181.0,7.73,70.4,24.65,28.9375,42.9,108.5,41.9,13.2,18.35,36.75,183.0,440.0,29.899999999999995,21.05,47.75,32.66515151515151,24.25,24.05,392.83333333333326,23.25,19.265,51.405555555555544,7.7732653061224495,36.3,10.75,13.763636363636365,17.077272727272728,61.1,39.0,31.375,29.070833333333336,63.77500000000001,81.32000000000002,47.95,54.36999999999999,29.399999999999995,22.193478260869565,97.1,62.05492957746478,14.5,60.904,14.9,35.05,10.3,11.6,22.65,19.375,224.5,187.58333333333331,24.25,9.480000000000002,26.29181034482759,8.543636363636363,10.056521739130432,13.653389830508473,19.1,8.281566820276497,18.25384615384616,59.1,117.75,14.050000000000002,49.55,68.16923076923078,18.51388888888889,93.1625,34.05833333333333,95.26666666666668,150.25,36.9,55.38333333333333,8.7671875,103.93333333333334,59.33333333333334,71.92500000000003,429.0,35.8,213.5,16.0,200.0,187.0,92.5,256.0,41.3,86.49166666666667,37.5,35.11071428571429,33.4,57.4,71.05999999999997,60.8,70.15384615384616,29.809375,544.3333333333334,20.2,55.78,379.33333333333326,250.5,33.45,11.500921658986176,160.875,37.15833333333333,85.78860759493672,43.19072398190046,130.94444444444446,97.2840909090909,289.0,62.64666666666667,226.5,43.25,11.05,98.49756097560976,279.0,346.0555555555556,17.0,16.1,55.37659574468086,47.9921052631579,9.273034482758623,20.046666666666674,13.33333333333333,23.95714285714286,12.199999999999998,11.277777777777779,19.22833333333333,15.949999999999998,209.75,2915.0,103.5,11.38095238095238,70.94583333333334,87.2,14.199999999999998,75.8,49.45000000000001
74.97142857142856,9.089999999999998,30.0,31.0,14.3,275.8333333333333,26.8,53.5,106.0,180.5,7.72,70.4,24.7,28.803684210526317,42.85,108.5,41.86818181818182,13.2,18.35,36.8,183.0,440.0,29.85833333333333,21.05,47.7,32.67,24.2,24.05,393.0,23.25,19.25205479452055,51.43333333333334,7.770384615384615,36.3,10.73076923076923,13.758130081300811,17.089285714285715,61.2,39.03636363636363,31.35,29.088235294117645,63.78181818181818,81.3,47.95,54.33076923076922,29.4,22.149999999999995,97.1,62.05384615384616,14.47,60.9,14.95,35.05,10.35,11.6,22.65833333333333,19.35,224.0,188.0,24.25,9.48,26.3,8.55,10.056521739130432,13.64765625,19.05,8.289019607843137,18.25625,59.08461538461539,117.5,14.041666666666664,49.6,68.1,18.541379310344826,93.17272727272729,34.0625,95.25,150.25,36.917857142857144,55.4,8.77,104.0,59.3,71.92500000000003,428.0,35.775,213.25,15.95,200.0,187.0,92.38333333333333,256.0,41.3,86.5,37.55,35.10625,33.4,57.328,71.1,60.84166666666666,70.1,29.8,544.8333333333334,20.200000000000006,55.8,379.0,251.0,33.494594594594595,11.526315789473687,160.75,37.14999999999999,85.78571428571426,43.19289693593315,131.0,97.32727272727274,288.8333333333333,62.72222222222222,226.5,43.25,11.053472222222224,98.40555555555555,278.9166666666667,346.2,17.0,16.05,55.3139534883721,48.0,9.275037037037038,20.05,13.304954954954956,23.991666666666664,12.227777777777774,11.261538461538462,19.214285714285715,15.954651162790695,210.0,2915.0,104.0057471264368,11.396969696969695,70.85833333333333,87.2,14.2,75.70000000000002,49.44000000000001
74.99090909090908,9.09,30.0,31.05,14.3,276.0,26.891666666666666,53.6,106.42857142857143,181.0,7.72,70.6,24.6,28.80232558139535,42.94264705882353,108.5,41.9,13.175,18.3,36.7,183.0,440.0,29.85,21.084615384615386,47.7,32.73333333333333,24.25,24.05,392.83333333333326,23.25254237288136,19.27105263157895,51.23684210526316,7.78,36.35,10.7,13.795454545454545,17.1,61.2,39.04642857142857,31.4,29.04230769230769,63.76000000000001,81.32000000000002,47.95,54.372,29.444444444444446,22.15,97.09999999999998,62.0,14.45,60.95581395348837,14.9,35.0,10.35,11.6,22.68888888888889,19.35,224.5,187.5,24.25,9.4875,26.276744186046514,8.549999999999999,10.1,13.636363636363635,19.095,8.286315789473683,18.200000000000006,59.05,117.52777777777777,14.0495,49.54,68.02499999999999,18.549618320610694,93.1,34.075,95.25,150.0,36.944444444444436,55.36,8.78,103.95238095238096,59.371428571428574,71.90952380952379,429.0,35.775,213.5,16.0,200.38235294117646,187.0,92.4,256.0,41.29444444444445,86.58181818181818,37.536842105263155,35.07093023255814,33.42,57.37272727272728,71.03,60.8,70.15,29.8,544.5555555555555,20.159375,55.74166666666667,379.0,250.5,33.53928571428571,11.529166666666667,160.98051948051952,37.17857142857143,85.73974358974358,43.15548561151079,130.7784090909091,97.34545454545454,289.0,62.642105263157895,226.5,43.26666666666667,11.095317220543807,98.46632653061224,278.5357142857143,346.0,17.0,16.1,55.36222222222222,47.96509433962265,9.27205128205128,20.049019607843142,13.302586206896553,23.97,12.228048780487804,11.255474452554743,19.240625,15.963793103448277,209.66666666666663,2915.0,103.5,11.366129032258065,70.81428571428572,87.2,14.153191489361706,75.60689655172413,49.444444444444436
74.96666666666665,9.097499999999998,30.0,31.075000000000006,14.3,276.0,26.80625,53.6,106.25,181.25,7.72,70.4,24.7,28.75,42.925,108.5,41.85,13.25,18.35,36.8,183.25,440.0,29.875,21.1,47.7,32.77608695652174,24.2,24.05,393.0,23.27586206896552,19.275,51.4,7.778877551020408,36.3,10.7,13.789473684210524,17.1,61.2,39.0,31.35,29.167647058823533,63.812941176470574,81.3,47.95000000000001,54.27,29.45,22.15,97.1,62.0,14.45,60.90000000000001,14.9,35.05,10.35,11.622222222222224,22.675,19.4,224.0,188.0,24.3,9.480000000000002,26.27368421052632,8.55,10.075,13.65,19.072222222222226,8.282173913043477,18.190625,59.0,117.875,14.099999999999998,49.5,67.89999999999999,18.55,93.06530612244896,34.075,95.2,150.25,36.95,55.4,8.77,103.58333333333331,59.32727272727273,71.9,428.0,35.775,213.15,15.95,200.3,186.5,92.43333333333334,256.1666666666667,41.25,86.55,37.55,35.103448275862064,33.4125,57.30625,71.0,60.92,70.1,29.8,544.0434782608696,20.17549668874172,55.74,379.0,250.0,33.63873873873874,11.5,161.0,37.18636363636364,85.79354838709678,43.15285714285713,131.0,97.30625,289.0,62.71666666666666,226.5,43.25,11.1,98.4,279.0,345.95454545454544,17.0,16.1,55.39333333333334,47.998000000000005,9.27,20.050000000000004,13.330487804878047,23.994444444444447,12.220454545454546,11.25,19.23358208955224,15.997803806734991,210.0,2915.0,103.5,11.379310344827587,70.80000000000003,87.2,14.150000000000002,75.6,49.45000000000001
74.93333333333334,9.09,30.0,31.0,14.35,276.0,26.81923076923077,53.5,106.5,181.5,7.73,70.6,24.6,28.766666666666666,42.94264705882353,109.0,41.875,13.233333333333334,18.35,36.7,183.5,440.0,29.899999999999995,21.1,47.75,32.75,24.25,24.05,392.83333333333326,23.28039215686275,19.299056603773586,51.1625,7.789230769230769,36.35454545454545,10.740808823529413,13.798275862068966,17.13584905660377,61.2,39.03,31.4,29.25,63.9,81.22857142857143,47.95,54.277272727272724,29.4,22.15,97.05,61.922935779816505,14.449999999999998,60.95,14.9,35.0,10.300362318840582,11.65,22.68703703703704,19.398979591836735,224.5,187.5,24.25,9.48,26.285365853658533,8.548979591836734,10.05,13.65,19.1,8.282448979591836,18.18695652173913,59.025,118.0,14.1,49.5125,68.01052631578948,18.50235294117647,93.02173913043478,34.05,95.28333333333336,150.0,36.932352941176475,55.41333333333333,8.78,103.66666666666669,59.35384615384615,71.92307692307692,429.0,35.791666666666664,213.5,16.0,200.5,186.5,92.4,256.0,41.265625,86.5,37.525,35.15,33.41428571428572,57.3448275862069,71.08571428571426,60.8,70.1,29.755294117647058,544.0,20.189230769230765,55.77499999999999,379.5,250.5,33.629629629629626,11.5,160.98809523809524,37.159459459459455,85.79893617021277,43.16111111111112,131.0,97.39,289.0,62.63333333333333,226.0,43.21153846153846,11.05,98.45733333333334,279.0,345.75,16.973989898989903,16.1,55.38636363636363,47.95285714285715,9.27,20.050000000000004,13.3,23.997826086956525,12.235,11.250632911392405,19.21268656716418,15.994847328244274,210.0,2915.0,103.5,11.38,70.8,87.14999999999998,14.15,75.6,49.42727272727273
75.0,9.09,29.9825,31.075000000000006,14.3,276.0,26.8,53.6,106.5,181.25,7.72,70.4,24.7,28.710759493670878,42.85,108.5,41.8875,13.25,18.325000000000006,36.8,183.0,440.0,29.850000000000005,21.077777777777776,47.7,32.785294117647055,24.25,24.05,393.5,23.29915254237288,19.262500000000006,51.2,7.776034482758621,36.39375,10.715,13.8,17.1,61.2,39.02857142857143,31.385714285714283,29.25,63.72166666666668,81.2,47.938888888888904,54.2861111111111,29.43333333333333,22.14,97.05,61.98253968253968,14.45,60.98518518518519,14.9,35.05,10.3,11.65,22.675,19.45,224.0,187.5,24.3,9.484,26.293902439024393,8.540135135135136,10.1,13.669999999999998,19.1,8.28,18.25,58.99375,118.0,14.1,49.5,68.0,18.531521739130433,93.0,34.040517241379305,95.1,150.03333333333333,36.95,55.46666666666667,8.779999999999998,103.91176470588236,59.44285714285714,71.99473684210527,429.0,35.73999999999999,213.75,15.949999999999998,200.19879518072293,187.0,92.43333333333334,256.1666666666667,41.25,86.5,37.492592592592594,35.103448275862064,33.432142857142864,57.37777777777778,71.03999999999998,60.92,70.1625,29.75,543.0,20.15,55.72000000000001,379.0,250.0,33.56071428571429,11.5,160.85714285714286,37.175,85.7247191011236,43.15275423728813,130.60775862068965,97.38,288.5344827586207,62.79999999999998,226.0,43.22500000000001,11.063025210084033,98.47,278.9166666666667,345.66666666666674,17.0,16.052500000000002,55.340116279069775,47.91538461538462,9.27,20.04,13.264,23.9984126984127,12.210416666666665,11.214615384615383,19.25,16.0,210.0,2915.0,103.5,11.363392857142856,70.70666666666669,87.09999999999998,14.15,75.6,49.44500000000001
75.0,9.081228070175438,29.975,31.0,14.4,276.1388888888889,26.8,53.6,106.5,181.5,7.72,70.5,24.6,28.866666666666664,42.85,108.75,41.9,13.25,18.325000000000006,36.65,183.0,439.0,29.8375,21.05,47.75,32.8,24.214285714285715,24.02,393.5,23.28518518518519,19.283870967741933,51.325,7.770933333333333,36.38333333333333,10.7,13.798387096774194,17.101851851851855,61.16,38.90625,31.35,29.25,63.78148148148148,81.2,47.95,54.35263157894736,29.41969696969697,22.1,97.06666666666666,61.89999999999999,14.469444444444445,60.99569892473119,14.875641025641027,35.0,10.3,11.65,22.6,19.364117647058823,224.5,187.0,24.25,9.49,26.2734375,8.536097560975607,10.05,13.7,19.1,8.28075,18.25,59.0,117.91666666666669,14.1,49.5,68.01428571428572,18.55,92.98863636363636,34.042857142857144,95.1,150.25,36.95,55.44,8.778333333333334,103.92857142857143,59.4,71.99565217391304,429.0,35.7,214.0,15.95,200.5,186.5,92.4,256.0,41.25,86.5,37.51000000000001,35.15,33.42083333333333,57.38,71.04285714285712,60.92380952380953,70.11666666666666,29.720796460176988,541.9166666666666,20.198546511627907,55.73,379.0,251.16666666666663,33.59444444444445,11.530303030303033,161.0,37.1513698630137,85.772,43.05528455284553,130.8875,97.4,289.0,62.79999999999999,226.72222222222226,43.3,11.078061224489796,98.44024390243902,279.0,345.5,17.0,16.1,55.4,47.84508196721312,9.269798657718123,20.050000000000004,13.26086956521739,24.0,12.25,11.2,19.231818181818184,16.0,210.0,2915.0,103.5,11.370909090909093,70.6,87.18888888888891,14.15,75.50555555555555,49.475
74.95714285714288,9.08,29.950000000000006,31.0,14.4,276.5,26.899999999999995,53.55,106.0,181.08333333333331,7.72,70.6,24.6,28.8,42.9,109.0,41.85833333333333,13.246153846153845,18.35,36.578125,183.0,439.0,29.850000000000005,21.064285714285713,47.7,32.845652173913045,24.23,24.0,393.5,23.2875,19.28965517241379,51.055555555555564,7.77,36.3875,10.7,13.794791666666667,17.13125,61.20000000000001,39.0,31.365,29.15,63.80416666666667,81.2,47.91666666666666,54.38064516129033,29.434375,22.1,97.06666666666666,61.812643678160924,14.457142857142856,61.01545454545454,14.850704225352116,35.0,10.3,11.62857142857143,22.675,19.4,224.5,187.0,24.3,9.4806,26.260964912280702,8.53081632653061,10.086111111111109,13.669230769230769,19.1,8.28,18.275,59.0,117.5,14.12625,49.68666666666668,68.06666666666666,18.544117647058822,93.0,34.1,95.1,150.0,36.95,55.4,8.78,103.92857142857143,59.36999999999999,71.96666666666667,429.0,35.76875,213.5,15.966666666666667,200.4,187.0,92.43333333333334,256.1666666666667,41.2,86.5,37.5,35.15,33.45,57.4,71.1,61.0,70.2,29.696590909090904,541.0,20.15,55.78571428571429,379.0,250.0,33.59642857142857,11.5,160.9375,37.1648514851485,85.77450980392156,43.09453125,131.0,97.40000000000002,289.0,62.88571428571429,226.5,43.30625000000001,11.095075757575758,98.44285714285714,278.962962962963,345.92857142857144,17.0,16.05,55.4,47.80112359550561,9.263982300884956,20.05,13.3,23.997368421052627,12.246052631578946,11.2,19.21363636363636,16.0,209.5,2915.0,103.11428571428571,11.388888888888891,70.60666666666665,87.16923076923078,14.122000000000002,75.34166666666667,49.49285714285714
74.90000000000002,9.078333333333333,29.903125,30.95,14.4,276.73809523809524,26.94142857142857,53.53333333333333,106.5,181.25,7.72,70.6,24.6,28.8,42.89545454545455,109.0,41.89,13.2,18.35,36.513333333333335,183.0,439.0,29.9,21.044444444444444,47.75,32.85526315789474,24.24375,24.025,393.5,23.25526315789473,19.300000000000004,51.12000000000001,7.769827586206895,36.4,10.704464285714286,13.8,17.08571428571429,61.2,38.97142857142857,31.383333333333336,29.2,63.811111111111096,81.20000000000002,47.925,54.30999999999999,29.45,22.17021276595745,96.98,61.8,14.449999999999998,61.15238095238095,14.810714285714289,35.0,10.330120481927711,11.6,22.625,19.4,224.5,187.0,24.25,9.480000000000002,26.25897435897436,8.524038461538463,10.05,13.65,19.099691358024693,8.270917431192661,18.257142857142856,59.0,117.92857142857143,14.05,49.73,68.1,18.54,92.96818181818182,34.059999999999995,95.1,150.25,36.99583333333333,55.43333333333334,8.78,103.75,59.3,72.0,429.0,35.766666666666666,213.5,15.95,200.05,186.5,92.43333333333334,256.5,41.12777777777778,86.5,37.475,35.18333333333334,33.45,57.4,71.09,60.92380952380953,70.2,29.657432432432426,539.2702702702703,20.185714285714287,55.71052631578947,379.25,250.5,33.65,11.5,160.91666666666666,37.16351351351352,85.69999999999997,43.10887096774193,131.0,97.43823529411766,288.92857142857144,62.9,226.5,43.30769230769231,11.09819121447028,98.40454545454548,278.9375,346.0,16.980536912751678,16.083333333333332,55.38888888888889,47.781944444444434,9.267777777777779,20.05,13.3,23.98611111111111,12.25,11.200584795321635,19.238636363636363,16.00574712643678,209.61111111111111,2915.0,103.01785714285714,11.351190476190474,70.516,87.2,14.102020202020205,75.134375,49.5
74.8,9.074800000000002,29.865384615384613,30.95,14.4,276.46153846153845,26.96923076923077,53.53333333333333,106.375,181.16666666666663,7.72,70.6,24.6625,28.8,42.9,109.0,41.88333333333333,13.199999999999998,18.3,36.43913043478261,183.0,439.0,29.852083333333336,21.05,47.7,32.86847826086957,24.2,24.016666666666666,393.95833333333326,23.269736842105264,19.295402298850576,51.012,7.769199999999999,36.4,10.667105263157897,13.79,17.1,61.175,38.93636363636364,31.4,29.195833333333336,63.8125,81.2,47.90625,54.288888888888884,29.462499999999995,22.18846153846154,97.05,61.34144000000001,14.45,61.173584905660384,14.812087912087913,35.0,10.300322580645162,11.618181818181819,22.60833333333333,19.4,224.5,187.0,24.25,9.47,26.27,8.533571428571427,10.05,13.7,19.1,8.29,18.228571428571428,59.0,117.97058823529413,14.1,49.90833333333334,68.2,18.50119047619048,92.90555555555555,34.0625,95.09999999999998,150.0,36.90624999999999,55.47142857142857,8.77,104.0,59.30769230769231,72.0,428.5,35.75,213.5,15.949999999999998,200.4,186.75,92.5,256.5,41.146153846153844,86.5,37.475,35.2,33.465,57.40000000000001,71.08461538461538,61.0,70.13333333333333,29.63333333333333,539.2,20.156413994169096,55.8,378.5,251.0,33.60588235294117,11.50625,160.83333333333334,37.15583333333333,85.79805825242721,43.140236686390544,130.90346534653466,97.42000000000002,288.5,62.87777777777778,227.0,43.275,11.1,98.19565217391305,278.6111111111111,345.91666666666674,16.98230958230958,16.09166666666667,55.38888888888889,47.758510638297864,9.2725,20.05,13.31388888888889,24.0,12.238679245283016,11.2,19.24875,16.004016064257026,209.875,2915.0,103.23611111111113,11.388095238095238,70.51153846153846,87.2,14.1,75.07000000000002,49.4975
74.9,9.08,29.816666666666666,31.025,14.4,276.5,26.946666666666665,53.6,106.375,181.5,7.727619047619048,70.67142857142858,24.675,28.85,42.90000000000001,108.5,41.85999999999999,13.2,18.35,36.5,183.0,439.0,29.825000000000006,21.05,47.75,32.8907894736842,24.2125,24.05,393.5,23.259482758620692,19.25,51.02272727272727,7.759999999999999,36.4,10.666666666666666,13.786363636363635,17.14920634920635,61.1,38.975,31.35,29.06153846153846,63.75454545454546,81.32000000000002,47.9025,54.2375,29.41666666666667,22.18,97.03333333333336,61.582142857142856,14.483333333333333,61.153125,14.85,35.0,10.33125,11.6,22.6,19.4,224.5,187.0,24.25,9.472500000000002,26.257633587786266,8.527540983606556,10.052380952380952,13.697297297297293,19.126408450704226,8.28,18.20128205128205,59.0047619047619,117.9375,14.125,49.99347826086956,68.2925925925926,18.55,92.84736842105262,34.06086956521739,95.1,150.2,36.9,55.44285714285714,8.77,103.91666666666669,59.24000000000001,71.99074074074075,429.0,35.708333333333336,212.0,15.95,200.0,186.83333333333331,92.46,255.5,41.10344827586207,86.52222222222224,37.5,35.155,33.46250000000001,57.395238095238106,71.0,61.0,70.00277777777778,29.600000000000005,538.75,20.1925,55.75,379.0,251.5,33.58888888888889,11.50508474576271,160.94117647058823,37.15555555555555,85.72432432432433,43.13072289156628,130.95185185185184,97.44750000000002,288.5,62.86363636363637,226.75,43.23333333333333,11.099999999999998,98.08556701030928,278.95,345.57142857142856,16.98327868852459,16.024324324324326,55.332203389830504,47.74693877551021,9.28,20.05,13.3,24.0,12.241958041958046,11.203846153846154,19.24347826086957,15.960810810810807,209.66666666666663,2915.0,103.90625,11.368162393162393,70.54827586206895,87.20000000000002,14.104109589041098,75.08103448275861,49.53103448275862
74.9,9.079803921568628,29.792857142857148,31.08333333333333,14.4,276.07142857142856,26.95,53.5,106.08333333333331,181.16666666666663,7.722857142857142,70.53333333333333,24.6625,28.95,42.9,109.0,41.8625,13.15,18.35,36.43913043478261,183.0,439.0,29.84500000000001,21.025,47.7,32.92205882352941,24.2,24.05,393.95833333333326,23.294444444444448,19.277777777777782,51.0,7.75,36.4,10.725,13.751818181818182,17.13095238095238,61.125,38.85,31.35,29.195833333333336,63.75,81.5,47.89999999999999,54.2,29.5,22.211111111111112,97.0,61.78333333333333,14.45,61.170212765957444,14.85,35.0,10.35,11.64375,22.600000000000005,19.4,224.5,186.5,24.3,9.47,26.291772151898734,8.52,10.05,13.7,19.15,8.280454545454544,18.17446808510638,58.8,117.89285714285714,14.1,49.75,68.25,18.54655172413793,92.85121951219513,34.05106382978723,95.13333333333333,150.0,36.90624999999999,55.42,8.77,104.0,59.2375,71.99565217391304,429.0,35.775,213.5,15.949999999999998,200.0,186.75,92.5,256.5,41.16,86.59999999999998,37.45,35.26666666666667,33.45,57.43103448275862,71.0,60.8,70.1,29.75,539.0,20.15,55.74000000000001,378.5,251.5,33.55434782608695,11.533783783783786,161.0,37.194594594594605,85.65652173913044,43.14999999999999,131.0,97.48928571428571,288.5,62.744444444444454,226.6,43.1,11.1,98.4,278.92857142857144,345.75,16.806798245614036,16.0,55.37209302325582,47.773529411764706,9.2725,20.0475,13.255,24.05,12.27608695652174,11.225,19.249484536082477,15.964285714285715,209.2142857142857,2910.0,103.5,11.394503546099294,70.9,87.2,14.166666666666664,75.55454545454545,49.61428571428571
75.5,9.01,29.3,30.85,14.4,279.5,26.9,53.7,107.0,180.0,7.67,70.9,24.8,28.65,42.65,109.5,41.85,13.05,18.35,36.35,182.0,436.5,29.85,20.9,47.5,32.85,24.1,24.0,386.5,23.35,19.3,50.4,7.8,36.15,10.65,13.6,17.05,60.7,37.7,31.4,28.8,63.5,81.3,47.8,52.4,29.25,22.0,95.0,61.7,14.4,60.9,14.75,35.0,10.2,11.55,22.55,19.35,223.5,186.0,24.1,9.48,26.2,8.39,10.0,13.85,19.2,8.22,18.1,58.5,118.0,14.15,49.05,68.3,18.3,93.2,34.5,95.0,150.0,35.85,55.1,8.77,104.5,59.0,72.0,434.0,35.8,210.5,16.05,195.5,185.5,91.7,258.0,41.25,86.8,37.2,35.2,33.35,56.8,71.0,61.1,70.9,29.5,527.0,20.25,55.6,379.5,250.0,33.45,11.6,160.0,36.9,85.5,43.15,131.5,96.3,288.0,62.9,225.0,43.15,11.0,98.5,278.5,346.5,16.45,15.95,55.1,47.6,9.3,19.95,13.2,23.9,12.2,11.15,19.1,15.85,208.0,2895.0,104.0,11.3,71.0,86.8,14.05,75.2,49.25
